id,time,px,py,pz,dest_px,dest_py,dest_pz
0,0.0,1.9993751301974831,1.01283339774265,0.9785574431882361,1.3640338936565635,1.478312998348674,0.2008154156392009
0,0.1,1.9979181418909975,1.025645410944732,0.9571506165264466,1.3640338936565635,1.478312998348674,0.2008154156392009
0,0.2,1.9956313759022586,1.0384200412884803,0.9358062506470372,1.3640338936565635,1.478312998348674,0.2008154156392009
0,0.30000000000000004,1.9906480203625692,1.0639266931452864,0.8931887114352814,1.3640338936565635,1.478312998348674,0.2008154156392009
0,0.4,1.9831885606914887,1.0892735615616074,0.8508381448186937,1.3640338936565635,1.478312998348674,0.2008154156392009
0,0.5,1.9732716416533838,1.1143972925667964,0.8088604051580668,1.3640338936565635,1.478312998348674,0.2008154156392009
0,0.6000000000000001,1.960922050381218,1.1392350899175265,0.767360414940968,1.3640338936565635,1.478312998348674,0.2008154156392009
0,0.7000000000000001,1.9461706544216288,1.1637248720556963,0.7264419025301629,1.3640338936565635,1.478312998348674,0.2008154156392009
0,0.8,1.9290543245821368,1.1878054272799916,0.6862071428967293,1.3640338936565635,1.478312998348674,0.2008154156392009
0,0.9,1.9096158427733285,1.2114165667432628,0.6467567019858932,1.3640338936565635,1.478312998348674,0.2008154156392009
0,1.0,1.8879037950763602,1.2344992748932955,0.6081891853545389,1.3640338936565635,1.478312998348674,0.2008154156392009
0,1.1,1.8639724503030584,1.2569958569809563,0.5706009917086705,1.3640338936565635,1.478312998348674,0.2008154156392009
0,1.2000000000000002,1.8378816243521532,1.2788500832670198,0.53408607195685,1.3640338936565635,1.478312998348674,0.2008154156392009
0,1.3,1.809696530700682,1.3000073295672319,0.49873569438185417,1.3640338936565635,1.478312998348674,0.2008154156392009
0,1.4000000000000001,1.7800634067792496,1.316078512756715,0.4628397360742178,1.3640338936565635,1.478312998348674,0.2008154156392009
0,1.5,1.748794344607532,1.3282126812465043,0.4268316894217985,1.3640338936565635,1.478312998348674,0.2008154156392009
0,1.6,1.715794298957063,1.3375331927803753,0.3912301390559292,1.3640338936565635,1.478312998348674,0.2008154156392009
0,1.7000000000000002,1.6810629939772987,1.3451171828367758,0.35662007820945973,1.3640338936565635,1.478312998348674,0.2008154156392009
0,1.8,1.6441160728229833,1.3563097410890455,0.3254279359974499,1.3640338936565635,1.478312998348674,0.2008154156392009
0,1.9000000000000001,1.6053901522053775,1.370826277691966,0.29794647580577405,1.3640338936565635,1.478312998348674,0.2008154156392009
0,2.0,1.5652953259374487,1.3882836606939681,0.27435274230997897,1.3640338936565635,1.478312998348674,0.2008154156392009
0,2.1,1.5240145034829324,1.4075377694832256,0.25420979797447685,1.3640338936565635,1.478312998348674,0.2008154156392009
0,2.2,1.4822743621927095,1.429368947875788,0.23845567138120893,1.1716046981050714,1.980313842619975,1.0976555044834964
0,2.3000000000000003,1.4405009744428656,1.453534625047166,0.227232326661572,1.1716046981050714,1.980313842619975,1.0976555044834964
0,2.4000000000000004,1.3991416219653794,1.4798637395015142,0.22070260942034914,1.1716046981050714,1.980313842619975,1.0976555044834964
0,2.5,1.3588612734377692,1.5089344624624073,0.21955648428436159,1.1716046981050714,1.980313842619975,1.0976555044834964
0,2.6,1.3291090400306043,1.5413012869173457,0.2279923155526563,1.1716046981050714,1.980313842619975,1.0976555044834964
0,2.7,1.309555259568485,1.5761387325231793,0.24532783619906262,1.1716046981050714,1.980313842619975,1.0976555044834964
0,2.8000000000000003,1.2927260510622902,1.6122461932160872,0.26751993826231124,1.1716046981050714,1.980313842619975,1.0976555044834964
0,2.9000000000000004,1.2796127472968921,1.6493400607233804,0.2948638073024953,1.1716046981050714,1.980313842619975,1.0976555044834964
0,3.0,1.2611818790883063,1.6850098685512909,0.3221786935852493,1.1716046981050714,1.980313842619975,1.0976555044834964
0,3.1,1.2391499552400989,1.7193100018950809,0.35015680002444327,1.1716046981050714,1.980313842619975,1.0976555044834964
0,3.2,1.2215517974384993,1.7525748535900254,0.3823908446050871,1.1716046981050714,1.980313842619975,1.0976555044834964
0,3.3000000000000003,1.2078565950347546,1.7842258183598343,0.41804496828797477,1.1716046981050714,1.980313842619975,1.0976555044834964
0,3.4000000000000004,1.1988837385150994,1.813831162314663,0.45684464506183,1.1716046981050714,1.980313842619975,1.0976555044834964
0,3.5,1.1938191651876022,1.8410354095360608,0.4980178329802879,1.1716046981050714,1.980313842619975,1.0976555044834964
0,3.6,1.1917355432336951,1.8657676758245012,0.5411270752084181,1.1716046981050714,1.980313842619975,1.0976555044834964
0,3.7,1.1917020576413733,1.888010919351504,0.5857955664777427,1.1716046981050714,1.980313842619975,1.0976555044834964
0,3.8000000000000003,1.192023302677279,1.9078963298825677,0.6315848945108796,1.1716046981050714,1.980313842619975,1.0976555044834964
0,3.9000000000000004,1.1918644895814965,1.9255120001799224,0.6782952600678223,1.1716046981050714,1.980313842619975,1.0976555044834964
0,4.0,1.1912260507327468,1.9408135841860759,0.7258086217937458,1.1716046981050714,1.980313842619975,1.0976555044834964
0,4.1000000000000005,1.1901096130803182,1.9537629841631627,0.7740061632459612,1.1716046981050714,1.980313842619975,1.0976555044834964
0,4.2,1.1885179921431541,1.9643279527823885,0.8227673707176211,1.1716046981050714,1.980313842619975,1.0976555044834964
0,4.3,1.1864551910990109,1.972482204695828,0.871970327768141,1.1716046981050714,1.980313842619975,1.0976555044834964
0,4.4,1.183926355370108,1.9782057888252984,0.9214932855192074,1.1716046981050714,1.980313842619975,1.0976555044834964
0,4.5,1.193737589965413,1.9791105503322528,0.9617315465617025,1.6713394974306022,1.7302163159796686,1.1268361583567845
0,4.6000000000000005,1.2158643719080298,1.9751942277841148,0.9925845361987016,1.6713394974306022,1.7302163159796686,1.1268361583567845
0,4.7,1.250251395766507,1.9664666099476733,1.0139751380240383,1.6713394974306022,1.7302163159796686,1.1268361583567845
0,4.800000000000001,1.2968127118896144,1.952949511322264,1.0258498866731596,1.6713394974306022,1.7302163159796686,1.1268361583567845
0,4.9,1.34263215081007,1.9370505352050604,1.0376600240679585,1.6713394974306022,1.7302163159796686,1.1268361583567845
0,5.0,1.3875951877928752,1.9188094207563293,1.049376031015549,1.6713394974306022,1.7302163159796686,1.1268361583567845
0,5.1000000000000005,1.4315894386618697,1.8982717612624036,1.0609686236001405,1.6713394974306022,1.7302163159796686,1.1268361583567845
0,5.2,1.4745049407016444,1.8754888901762117,1.072408826377577,1.6713394974306022,1.7302163159796686,1.1268361583567845
0,5.300000000000001,1.516234427507061,1.8505177528103793,1.0836680447988576,1.6713394974306022,1.7302163159796686,1.1268361583567845
0,5.4,1.5486026187210646,1.828010229129507,1.104089637573984,1.4617791437524839,1.325924927241857,1.8249442188400455
0,5.5,1.5715286107226487,1.8080225762211053,1.1336225613563782,1.4617791437524839,1.325924927241857,1.8249442188400455
0,5.6000000000000005,1.5849551004714353,1.7906047528080764,1.1721929992170341,1.4617791437524839,1.325924927241857,1.8249442188400455
0,5.7,1.5888485287354326,1.7758002943779263,1.2197045451483954,1.4617791437524839,1.325924927241857,1.8249442188400455
0,5.800000000000001,1.5912701423439768,1.7590567392408145,1.266666944136801,1.4617791437524839,1.325924927241857,1.8249442188400455
0,5.9,1.5922138885241988,1.7404159375647084,1.3129628146423244,1.4617791437524839,1.325924927241857,1.8249442188400455
0,6.0,1.5916774084021412,1.7199244816458568,1.3584764410991252,1.4617791437524839,1.325924927241857,1.8249442188400455
0,6.1000000000000005,1.5896620428987158,1.6976335894523125,1.4030940631440996,1.4617791437524839,1.325924927241857,1.8249442188400455
0,6.2,1.5861728293780992,1.6735989766056876,1.4467041599585437,1.4617791437524839,1.325924927241857,1.8249442188400455
0,6.300000000000001,1.5812184890569456,1.6478807171211138,1.489197729012121,1.4617791437524839,1.325924927241857,1.8249442188400455
0,6.4,1.5748114052058872,1.6205430932534926,1.5304685585124203,1.4617791437524839,1.325924927241857,1.8249442188400455
0,6.5,1.5669675921978072,1.5916544348253328,1.570413492879123,1.4617791437524839,1.325924927241857,1.8249442188400455
0,6.6000000000000005,1.5577066554802466,1.561286948437783,1.6089326905792325,1.4617791437524839,1.325924927241857,1.8249442188400455
0,6.7,1.547051742571997,1.5295165369917307,1.6459298736789088,1.4617791437524839,1.325924927241857,1.8249442188400455
0,6.800000000000001,1.535029485206357,1.4964226099700808,1.681312568488163,1.4617791437524839,1.325924927241857,1.8249442188400455
0,6.9,1.521669932765671,1.462087884955403,1.7149923366969233,1.4617791437524839,1.325924927241857,1.8249442188400455
0,7.0,1.514542562536249,1.4451849221655344,1.731987779799352,1.346783667550491,1.8021287774771937,0.5138616325950263
0,7.1000000000000005,1.5136651892318016,1.4457559702045568,1.732256418038749,1.346783667550491,1.8021287774771937,0.5138616325950263
0,7.2,1.5084943071054662,1.4647555085006383,1.7230549592083553,1.346783667550491,1.8021287774771937,0.5138616325950263
0,7.300000000000001,1.5001340498965907,1.5027059454738176,1.7032030848963613,1.346783667550491,1.8021287774771937,0.5138616325950263
0,7.4,1.4817173559430383,1.5411559964645984,1.6870164390442208,1.346783667550491,1.8021287774771937,0.5138616325950263
0,7.5,1.453982614610909,1.580186644311647,1.673920366861544,1.346783667550491,1.8021287774771937,0.5138616325950263
0,7.6000000000000005,1.428917075915852,1.6189282846990216,1.6556304987040176,1.346783667550491,1.8021287774771937,0.5138616325950263
0,7.7,1.4062816039884545,1.6567369898837074,1.6328706545066165,1.346783667550491,1.8021287774771937,0.5138616325950263
0,7.800000000000001,1.3863049992100183,1.6932586613580263,1.6058436154891487,1.346783667550491,1.8021287774771937,0.5138616325950263
0,7.9,1.3699074160525266,1.7280436773022458,1.5744688817039616,1.346783667550491,1.8021287774771937,0.5138616325950263
0,8.0,1.3566187110730752,1.7606596176180838,1.5395493378447962,1.346783667550491,1.8021287774771937,0.5138616325950263
0,8.1,1.3465502862386622,1.7908010740007545,1.5014199204678595,1.346783667550491,1.8021287774771937,0.5138616325950263
0,8.200000000000001,1.3405202315736124,1.817959259780534,1.4603060052511554,1.346783667550491,1.8021287774771937,0.5138616325950263
0,8.3,1.3378104416505106,1.841968239445054,1.416972574724496,1.346783667550491,1.8021287774771937,0.5138616325950263
0,8.4,1.3383715493873445,1.8626349051536017,1.3718200407914827,1.346783667550491,1.8021287774771937,0.5138616325950263
0,8.5,1.3421065086320212,1.8798061982103,1.325251278518199,1.346783667550491,1.8021287774771937,0.5138616325950263
0,8.6,1.3473927202461295,1.8939019609009278,1.2777379204963473,1.346783667550491,1.8021287774771937,0.5138616325950263
0,8.700000000000001,1.3533875682912284,1.9051662640707399,1.2294996726679837,1.346783667550491,1.8021287774771937,0.5138616325950263
0,8.8,1.3592711088928568,1.9138656676696633,1.1807002641923954,1.346783667550491,1.8021287774771937,0.5138616325950263
0,8.9,1.36425667024869,1.9202809124012017,1.1314492075250864,1.346783667550491,1.8021287774771937,0.5138616325950263
0,9.0,1.368331779630108,1.924395934124771,1.0818695962963885,1.346783667550491,1.8021287774771937,0.5138616325950263
0,9.1,1.3714862513859334,1.9262004474291246,1.0320853537138113,1.346783667550491,1.8021287774771937,0.5138616325950263
0,9.200000000000001,1.3737122009795937,1.925689941970774,0.9822209144566785,1.346783667550491,1.8021287774771937,0.5138616325950263
0,9.3,1.375004064696357,1.9228656937474988,0.9324009136542354,1.346783667550491,1.8021287774771937,0.5138616325950263
0,9.4,1.375358613549721,1.9177347619090173,0.8827498753627331,1.346783667550491,1.8021287774771937,0.5138616325950263
0,9.5,1.3747749613521978,1.9103099711127878,0.8333919013201394,1.346783667550491,1.8021287774771937,0.5138616325950263
0,9.600000000000001,1.3732545669303207,1.900609879469045,0.7844503607564248,1.346783667550491,1.8021287774771937,0.5138616325950263
0,9.700000000000001,1.3708012304783386,1.8886587321551875,0.7360475820347372,1.346783667550491,1.8021287774771937,0.5138616325950263
0,9.8,1.3674210840597083,1.8744864008154636,0.6883045468942008,1.346783667550491,1.8021287774771937,0.5138616325950263
0,9.9,1.3709734136378886,1.8646850974228788,0.6633380634341163,1.6331215291078656,1.543709702997747,1.550941819293308
0,10.0,1.3814493402389512,1.8592793201314946,0.6612105348608406,1.6331215291078656,1.543709702997747,1.550941819293308
0,10.100000000000001,1.3988226795021506,1.858282580569265,0.6819272788878117,1.6331215291078656,1.543709702997747,1.550941819293308
0,10.200000000000001,1.423050007127189,1.8616973700660042,0.7254365144440336,1.6331215291078656,1.543709702997747,1.550941819293308
0,10.3,1.4462199300545941,1.8629583649008934,0.7696320157242463,1.6331215291078656,1.543709702997747,1.550941819293308
0,10.4,1.46827453554371,1.8620624132435588,0.8144033169918214,1.6331215291078656,1.543709702997747,1.550941819293308
0,10.5,1.4891586985666305,1.8590117545065414,0.859638513310033,1.6331215291078656,1.543709702997747,1.550941819293308
0,10.600000000000001,1.5088202195920597,1.8538140137479315,0.9052245402461203,1.6331215291078656,1.543709702997747,1.550941819293308
0,10.700000000000001,1.527209955056957,1.8464821826126943,0.951047456473487,1.6331215291078656,1.543709702997747,1.550941819293308
0,10.8,1.5442819401998484,1.837034586860324,0.9969927285656782,1.6331215291078656,1.543709702997747,1.550941819293308
0,10.9,1.5599935039487953,1.8254948405599887,1.0429455172702986,1.6331215291078656,1.543709702997747,1.550941819293308
0,11.0,1.5743053755768492,1.8118917870676559,1.0887909645473361,1.6331215291078656,1.543709702997747,1.550941819293308
0,11.100000000000001,1.587181782858419,1.796259426932723,1.1344144806544458,1.6331215291078656,1.543709702997747,1.550941819293308
0,11.200000000000001,1.5985905414812036,1.7786368329143514,1.1797020305616277,1.6331215291078656,1.543709702997747,1.550941819293308
0,11.3,1.5967320326501258,1.770810625840205,1.2181545123408561,1.6331215291078656,1.543709702997747,1.550941819293308
0,11.4,1.5819415367973815,1.772078934650502,1.2510631676000283,1.6331215291078656,1.543709702997747,1.550941819293308
0,11.5,1.5547417573597029,1.7816462726508078,1.2796232353758359,1.6331215291078656,1.543709702997747,1.550941819293308
0,11.600000000000001,1.5158338125051274,1.7986481930549651,1.3049173889440018,1.6331215291078656,1.543709702997747,1.550941819293308
0,11.700000000000001,1.4778566577618288,1.810433198494949,1.3342883139939852,1.6331215291078656,1.543709702997747,1.550941819293308
0,11.8,1.4414708191120127,1.816822526053385,1.3671534887697514,1.6331215291078656,1.543709702997747,1.550941819293308
0,11.9,1.4072899783941561,1.817737993002974,1.402884906615212,1.6331215291078656,1.543709702997747,1.550941819293308
0,12.0,1.3758725108176373,1.8131987065547337,1.4408221028295416,1.6331215291078656,1.543709702997747,1.550941819293308
0,12.100000000000001,1.347714487689898,1.8033163056331492,1.480284891519037,1.6331215291078656,1.543709702997747,1.550941819293308
0,12.200000000000001,1.3232441598681364,1.7882889558570576,1.5205856312603543,1.6331215291078656,1.543709702997747,1.550941819293308
0,12.3,1.3028178943553994,1.7683942952705833,1.5610408563378861,1.6331215291078656,1.543709702997747,1.550941819293308
0,12.4,1.2867175158058184,1.7439815262433938,1.6009821361316954,1.6331215291078656,1.543709702997747,1.550941819293308
0,12.5,1.2751489871180353,1.715462844011908,1.6397660503238787,1.6331215291078656,1.543709702997747,1.550941819293308
0,12.600000000000001,1.2675947250777684,1.7014527657566425,1.6596172660497523,1.6331215291078656,1.543709702997747,1.550941819293308
0,12.700000000000001,1.2624015400356752,1.6856038081092992,1.678568505890267,1.6331215291078656,1.543709702997747,1.550941819293308
0,12.8,1.2589486636080325,1.6863235989874727,1.679167184792071,1.6331215291078656,1.543709702997747,1.550941819293308
0,12.9,1.2555179031953911,1.6870280806504858,1.679754191105113,1.6331215291078656,1.543709702997747,1.550941819293308
0,13.0,1.2521088741700264,1.68772014903621,1.680327152509259,1.6331215291078656,1.543709702997747,1.550941819293308
0,13.100000000000001,1.2487210521378331,1.6883975761623438,1.680888913018984,1.6331215291078656,1.543709702997747,1.550941819293308
0,13.200000000000001,1.245354082453691,1.6890630855212039,1.6814372341975914,1.6331215291078656,1.543709702997747,1.550941819293308
0,13.3,1.2420074779618882,1.6897145725471159,1.6819747936935547,1.6331215291078656,1.543709702997747,1.550941819293308
0,13.4,1.238680910870956,1.690354603517366,1.6824994756494007,1.6331215291078656,1.543709702997747,1.550941819293308
0,13.5,1.2353739275885958,1.6909811870440075,1.683013805799237,1.6331215291078656,1.543709702997747,1.550941819293308
0,13.600000000000001,1.2326490119974152,1.673494663849415,1.700733505598618,1.6331215291078656,1.543709702997747,1.550941819293308
0,13.700000000000001,1.229383989801525,1.6739743098165079,1.7013425034793295,1.6331215291078656,1.543709702997747,1.550941819293308
0,13.8,1.2267003313049982,1.656341214869888,1.7191573936629938,1.6331215291078656,1.543709702997747,1.550941819293308
0,13.9,1.2234758273411477,1.6566767574264119,1.7198600682798468,1.6331215291078656,1.543709702997747,1.550941819293308
0,14.0,1.2202692421920533,1.6570019982477573,1.7205513849601228,1.6331215291078656,1.543709702997747,1.550941819293308
0,14.100000000000001,1.2170800834966373,1.6573191472261817,1.7212297635312168,1.6331215291078656,1.543709702997747,1.550941819293308
0,14.200000000000001,1.2139082274732838,1.657626381530469,1.7218971794076026,1.6331215291078656,1.543709702997747,1.550941819293308
0,14.3,1.2107532105830847,1.657925799549524,1.7225521280710434,1.6331215291078656,1.543709702997747,1.550941819293308
0,14.4,1.2076149193194303,1.6582156657324738,1.7231964857687805,1.6331215291078656,1.543709702997747,1.550941819293308
0,14.5,1.2044929165547895,1.658497975379453,1.723828818179483,1.6331215291078656,1.543709702997747,1.550941819293308
0,14.600000000000001,1.2013870980503754,1.6587710739300467,1.724450909820817,1.6331215291078656,1.543709702997747,1.550941819293308
0,14.700000000000001,1.1982970509364992,1.6590368611791402,1.7250613916289017,1.6331215291078656,1.543709702997747,1.550941819293308
0,14.8,1.207353764281054,1.6669238250001683,1.7150862600747239,1.6331215291078656,1.543709702997747,1.550941819293308
0,14.9,1.2300622406497428,1.6633686212612002,1.7105844446315368,1.6331215291078656,1.543709702997747,1.550941819293308
0,15.0,1.2535113263021007,1.6596927720855663,1.7059091021163653,1.6331215291078656,1.543709702997747,1.550941819293308
0,15.100000000000001,1.2798558841269667,1.636771673046374,1.7169070076795538,1.6331215291078656,1.543709702997747,1.550941819293308
0,15.200000000000001,1.296523886823893,1.6051775377732342,1.7366969609621705,1.6331215291078656,1.543709702997747,1.550941819293308
0,15.3,1.3048317559523712,1.5650547938734565,1.7646480905185575,1.6331215291078656,1.543709702997747,1.550941819293308
0,15.4,1.3171191606501138,1.5236265601055865,1.7887625251284458,1.6331215291078656,1.543709702997747,1.550941819293308
0,15.5,1.3217929116103302,1.5022668603172096,1.8018195366225673,1.6331215291078656,1.543709702997747,1.550941819293308
0,15.600000000000001,1.328734888656694,1.4805279627727326,1.8126426099924147,1.6331215291078656,1.543709702997747,1.550941819293308
0,15.700000000000001,1.3256839833170702,1.4795808821578609,1.814428690343696,1.6331215291078656,1.543709702997747,1.550941819293308
0,15.8,1.322653264971588,1.4786330408366222,1.81619082140095,1.6331215291078656,1.543709702997747,1.550941819293308
0,15.9,1.3196404945227953,1.4776878344583404,1.8179282718021614,1.6331215291078656,1.543709702997747,1.550941819293308
0,16.0,1.3166470200055496,1.476741939128869,1.8196428182718891,1.6331215291078656,1.543709702997747,1.550941819293308
0,16.1,1.3136707461166033,1.4757985444161,1.821333765514751,1.6331215291078656,1.543709702997747,1.550941819293308
0,16.2,1.3107129471117596,1.474854526343195,1.8230027757586453,1.6331215291078656,1.543709702997747,1.550941819293308
0,16.3,1.3077716579196441,1.4739128870129146,1.8246491871419377,1.6331215291078656,1.543709702997747,1.550941819293308
0,16.400000000000002,1.3048480850937796,1.4729706844925667,1.826274558196666,1.6331215291078656,1.543709702997747,1.550941819293308
0,16.5,1.301940381887136,1.4720307498429408,1.8278782581088022,1.6331215291078656,1.543709702997747,1.550941819293308
0,16.6,1.304957001619921,1.4845271044302795,1.8193730037085118,1.6331215291078656,1.543709702997747,1.550941819293308
0,16.7,1.3247902851135231,1.489245267758295,1.8081321414029647,1.6331215291078656,1.543709702997747,1.550941819293308
0,16.8,1.3446118496806214,1.4939666808411118,1.7969122833402096,1.6331215291078656,1.543709702997747,1.550941819293308
0,16.900000000000002,1.3641940311093295,1.498646253538419,1.7860191707455515,1.6331215291078656,1.543709702997747,1.550941819293308
0,17.0,1.377864055552845,1.4898919831747302,1.7852275092675,1.6331215291078656,1.543709702997747,1.550941819293308
0,17.1,1.374498948740661,1.4888776446153118,1.7874688896461277,1.6331215291078656,1.543709702997747,1.550941819293308
0,17.2,1.3711633428795718,1.4878623141831941,1.7896749625676347,1.6331215291078656,1.543709702997747,1.550941819293308
0,17.3,1.3678532569372448,1.4868517534621155,1.7918447408397191,1.6331215291078656,1.543709702997747,1.550941819293308
0,17.400000000000002,1.3645709223110831,1.4858403386246115,1.793981276650909,1.6331215291078656,1.543709702997747,1.550941819293308
0,17.5,1.3613126821262478,1.4848333598712942,1.7960836160507268,1.6331215291078656,1.543709702997747,1.550941819293308
0,17.6,1.3580806109441688,1.4838256339328342,1.798154552883398,1.6331215291078656,1.543709702997747,1.550941819293308
0,17.7,1.3548713473082103,1.4828220486609323,1.8001931871886903,1.6331215291078656,1.543709702997747,1.550941819293308
0,17.8,1.3516868253600534,1.4818178106826212,1.8022020859775623,1.6331215291078656,1.543709702997747,1.550941819293308
0,17.900000000000002,1.3485239444191615,1.4808174505801595,1.8041803989371052,1.6331215291078656,1.543709702997747,1.550941819293308
0,18.0,1.3453845123834176,1.4798165217344494,1.8061304928435908,1.6331215291078656,1.543709702997747,1.550941819293308
0,18.1,1.3585300583876496,1.472419844293629,1.8046246447015184,1.6331215291078656,1.543709702997747,1.550941819293308
0,18.2,1.3763699270710998,1.4791998429700284,1.7916146891459397,1.6331215291078656,1.543709702997747,1.550941819293308
0,18.3,1.4099712451189896,1.4789828785046661,1.774194948989304,1.6331215291078656,1.543709702997747,1.550941819293308
0,18.400000000000002,1.4476952663232017,1.4923268045348332,1.7443534373924405,1.6331215291078656,1.543709702997747,1.550941819293308
0,18.5,1.4843002951190165,1.5044401852990124,1.712651455701001,1.6331215291078656,1.543709702997747,1.550941819293308
0,18.6,1.5149430436763722,1.5022396566848024,1.6932845607712161,1.617113197111611,1.038378912445858,1.7859378862417559
0,18.7,1.5395469210823103,1.4857307188677265,1.6863011597543265,1.617113197111611,1.038378912445858,1.7859378862417559
0,18.8,1.5580504304567675,1.4549546355946377,1.6917187075159896,1.617113197111611,1.038378912445858,1.7859378862417559
0,18.900000000000002,1.570407322662749,1.409988331045845,1.7095236630082051,1.617113197111611,1.038378912445858,1.7859378862417559
0,19.0,1.581338493624465,1.3639972691872329,1.725555178855681,1.617113197111611,1.038378912445858,1.7859378862417559
0,19.1,1.5908166211073542,1.3170964037217658,1.7397731846178504,1.617113197111611,1.038378912445858,1.7859378862417559
0,19.200000000000003,1.5988180147288236,1.269402962387609,1.7521421426849018,1.617113197111611,1.038378912445858,1.7859378862417559
0,19.3,1.605322675171864,1.2210361539498338,1.7626311371032968,1.617113197111611,1.038378912445858,1.7859378862417559
0,19.400000000000002,1.619300724070007,1.18373790070269,1.7619006733549227,1.982207391864982,1.0158439866728772,0.8128700786830189
0,19.5,1.640717223580634,1.1576014288547407,1.7499525772187328,1.982207391864982,1.0158439866728772,0.8128700786830189
0,19.6,1.6695186436084657,1.1426920659739945,1.7268167127126188,1.982207391864982,1.0158439866728772,0.8128700786830189
0,19.700000000000003,1.7056329956029224,1.139047077703007,1.6925509074489211,1.982207391864982,1.0158439866728772,0.8128700786830189
0,19.8,1.739983632594932,1.1350545441520803,1.6565540855901415,1.982207391864982,1.0158439866728772,0.8128700786830189
0,19.900000000000002,1.77248469588148,1.1307244445758204,1.6189162204441443,1.982207391864982,1.0158439866728772,0.8128700786830189
0,20.0,1.8030549497305772,1.1260676019680955,1.5797313870723735,1.982207391864982,1.0158439866728772,0.8128700786830189
0,20.1,1.8316179844282807,1.1210956560101883,1.5390975271511917,1.982207391864982,1.0158439866728772,0.8128700786830189
0,20.200000000000003,1.8581024072631878,1.115821033977654,1.4971162041686967,1.982207391864982,1.0158439866728772,0.8128700786830189
0,20.3,1.8824420209710317,1.1102569196786043,1.4538923495688945,1.982207391864982,1.0158439866728772,0.8128700786830189
0,20.400000000000002,1.9045759891933685,1.1044172205010516,1.409534000477736,1.982207391864982,1.0158439866728772,0.8128700786830189
0,20.5,1.92444898853679,1.0983165326516837,1.3641520296665677,1.982207391864982,1.0158439866728772,0.8128700786830189
0,20.6,1.942011346852596,1.0919701046729469,1.3178598684279437,1.982207391864982,1.0158439866728772,0.8128700786830189
0,20.700000000000003,1.9572577562086577,1.0823496062763396,1.2716335315471903,1.982207391864982,1.0158439866728772,0.8128700786830189
0,20.8,1.9701628663830446,1.0705722113415004,1.2251860274766209,1.982207391864982,1.0158439866728772,0.8128700786830189
0,20.900000000000002,1.9806874759959379,1.0577463620630312,1.1783428036365524,1.982207391864982,1.0158439866728772,0.8128700786830189
0,21.0,1.9887861337364678,1.0449369499727674,1.1310359412248618,1.982207391864982,1.0158439866728772,0.8128700786830189
0,21.1,1.994376006106553,1.03616445564245,1.0824309535941754,1.982207391864982,1.0158439866728772,0.8128700786830189
0,21.200000000000003,1.9974302334950762,1.0303576744563103,1.0330518601443421,1.982207391864982,1.0158439866728772,0.8128700786830189
0,21.3,1.998015525491791,1.039295381408949,0.9926335587792386,1.3809761071197826,1.8911935929673556,0.753765994107655
0,21.400000000000002,1.9963805659615517,1.0520042904014688,0.9522899822722588,1.3809761071197826,1.8911935929673556,0.753765994107655
0,21.5,1.9924901654923937,1.068574839825864,0.9124528537510844,1.3809761071197826,1.8911935929673556,0.753765994107655
0,21.6,1.986304643606041,1.0900141966911536,0.8735541953000127,1.3809761071197826,1.8911935929673556,0.753765994107655
0,21.700000000000003,1.9777336331372632,1.1051558525083547,0.827152741006596,1.3809761071197826,1.8911935929673556,0.753765994107655
0,21.8,1.9665774503439764,1.124823065553596,0.7831032255851176,1.3809761071197826,1.8911935929673556,0.753765994107655
0,21.900000000000002,1.9529662503596583,1.1487959277080038,0.7419240482472769,1.3809761071197826,1.8911935929673556,0.753765994107655
0,22.0,1.937056349431518,1.1768064766500625,0.7041063539020507,1.3809761071197826,1.8911935929673556,0.753765994107655
0,22.1,1.9190366727977899,1.207832227965132,0.66974918877257,1.3809761071197826,1.8911935929673556,0.753765994107655
0,22.200000000000003,1.8990946093918974,1.2415610592296757,0.6392155757811298,1.3809761071197826,1.8911935929673556,0.753765994107655
0,22.3,1.8774374619402159,1.277646080148381,0.612825106880037,1.3809761071197826,1.8911935929673556,0.753765994107655
0,22.400000000000002,1.8542888777852145,1.3157098366381292,0.5908472373752272,1.3809761071197826,1.8911935929673556,0.753765994107655
0,22.5,1.8316593885730545,1.3564248045239569,0.5777449630915723,1.3809761071197826,1.8911935929673556,0.753765994107655
0,22.6,1.809453338483726,1.3989808137928421,0.5727072101211174,1.3809761071197826,1.8911935929673556,0.753765994107655
0,22.700000000000003,1.7875297808511434,1.4426383579908495,0.5748565335163623,1.3809761071197826,1.8911935929673556,0.753765994107655
0,22.8,1.7657012364967573,1.4867350378546427,0.5832634008614064,1.3809761071197826,1.8911935929673556,0.753765994107655
0,22.900000000000002,1.7419588639066221,1.5296151472421855,0.5927118786514186,1.3809761071197826,1.8911935929673556,0.753765994107655
0,23.0,1.7163619805614272,1.5711714945798598,0.603178364633249,1.3809761071197826,1.8911935929673556,0.753765994107655
0,23.1,1.6889745653389363,1.6113002106414482,0.6146366980427836,1.3809761071197826,1.8911935929673556,0.753765994107655
0,23.200000000000003,1.6598650725141155,1.6499009945354288,0.6270582390138832,1.3809761071197826,1.8911935929673556,0.753765994107655
0,23.3,1.6291062606590958,1.6868773644049657,0.6404119401631336,1.3809761071197826,1.8911935929673556,0.753765994107655
0,23.400000000000002,1.5967750107846355,1.7221368985823067,0.6546644241921347,1.3809761071197826,1.8911935929673556,0.753765994107655
0,23.5,1.562952134177631,1.7555914665948182,0.6697800673133643,1.3809761071197826,1.8911935929673556,0.753765994107655
0,23.6,1.5277221704149864,1.787157449445272,0.685721088291094,1.3809761071197826,1.8911935929673556,0.753765994107655
0,23.700000000000003,1.5102256313600513,1.8070000640846207,0.7055485226295053,1.8901282749436699,1.104024550864235,1.443678427426104
0,23.8,1.5105062492484418,1.8150697143100998,0.7292128120686803,1.8901282749436699,1.104024550864235,1.443678427426104
0,23.900000000000002,1.5285633226815798,1.8113462301987384,0.7566548082091449,1.8901282749436699,1.104024550864235,1.443678427426104
0,24.0,1.5643517183798246,1.795838918521662,0.7878059203520632,1.8901282749436699,1.104024550864235,1.443678427426104
0,24.1,1.598729528690813,1.778342424013178,0.8194874071855609,1.8901282749436699,1.104024550864235,1.443678427426104
0,24.200000000000003,1.631610826992385,1.7589004787975597,0.8516200814919537,1.8901282749436699,1.104024550864235,1.443678427426104
0,24.3,1.6629134271630361,1.7375616776126765,0.8841236283198489,1.8901282749436699,1.104024550864235,1.443678427426104
0,24.400000000000002,1.6925590890044186,1.714379356348458,0.9169168057296966,1.8901282749436699,1.104024550864235,1.443678427426104
0,24.5,1.7204737138010913,1.689411458734945,0.949917647856329,1.8901282749436699,1.104024550864235,1.443678427426104
0,24.6,1.7465875295287179,1.6627203915131417,0.9830436697809358,1.8901282749436699,1.104024550864235,1.443678427426104
0,24.700000000000003,1.770835265247792,1.6343728684506635,1.0162120737004041,1.8901282749436699,1.104024550864235,1.443678427426104
0,24.8,1.7931563142469924,1.604439743592062,1.0493399558787062,1.8901282749436699,1.104024550864235,1.443678427426104
0,24.900000000000002,1.8134948855283985,1.5729958341606136,1.0823445138630639,1.8901282749436699,1.104024550864235,1.443678427426104
0,25.0,1.8318001432559303,1.5401197335542256,1.1151432534469576,1.8901282749436699,1.104024550864235,1.443678427426104
0,25.1,1.8480263338184626,1.5058936149028717,1.1476541948626813,1.8901282749436699,1.104024550864235,1.443678427426104
0,25.200000000000003,1.862132900190026,1.4704030256785618,1.1797960776880663,1.8901282749436699,1.104024550864235,1.443678427426104
0,25.3,1.8740845833012492,1.4337366738712156,1.2114885639552184,1.8901282749436699,1.104024550864235,1.443678427426104
0,25.400000000000002,1.885145369888265,1.3947102923851271,1.2400627088635687,1.8901282749436699,1.104024550864235,1.443678427426104
0,25.5,1.8947694582967909,1.353874367941402,1.2665818899251566,1.8901282749436699,1.104024550864235,1.443678427426104
0,25.6,1.9024117156655433,1.3118857088049987,1.2920142695373986,1.8901282749436699,1.104024550864235,1.443678427426104
0,25.700000000000003,1.907553601450328,1.269474748862907,1.3172075949187572,1.8901282749436699,1.104024550864235,1.443678427426104
0,25.8,1.9116629975148622,1.245554094710584,1.3275238450569562,1.1949858229033266,1.602216496553756,0.2258450929269823
0,25.900000000000002,1.9152476686580027,1.2397305635772307,1.3218023951440665,1.1949858229033266,1.602216496553756,0.2258450929269823
0,26.0,1.9188196127546173,1.2514639369113332,1.299023062980309,1.1949858229033266,1.602216496553756,0.2258450929269823
0,26.1,1.9228692050262062,1.2800986457570611,1.2583325253725652,1.1949858229033266,1.602216496553756,0.2258450929269823
0,26.200000000000003,1.924611760177965,1.3080324413486546,1.2169972748033169,1.1949858229033266,1.602216496553756,0.2258450929269823
0,26.3,1.9240430420287957,1.335195534601381,1.1751206694340046,1.1949858229033266,1.602216496553756,0.2258450929269823
0,26.400000000000002,1.9211645920444138,1.3615200665540974,1.1328074152748773,1.1949858229033266,1.602216496553756,0.2258450929269823
0,26.5,1.915983740509986,1.3869409971131708,1.0901622181627313,1.1949858229033266,1.602216496553756,0.2258450929269823
0,26.6,1.9085134066593934,1.411394776694437,1.0472916624607542,1.1949858229033266,1.602216496553756,0.2258450929269823
0,26.700000000000003,1.8987722624367884,1.4348202835842252,1.0043029022316468,1.1949858229033266,1.602216496553756,0.2258450929269823
0,26.8,1.8867846556296368,1.4571589662150788,0.9613033869878682,1.1949858229033266,1.602216496553756,0.2258450929269823
0,26.900000000000002,1.8725805490119325,1.478354989514182,0.9184005931238137,1.1949858229033266,1.602216496553756,0.2258450929269823
0,27.0,1.8561954454528635,1.4983553744619624,0.8757017552808001,1.1949858229033266,1.602216496553756,0.2258450929269823
0,27.1,1.8376702991781304,1.5171101305120498,0.8333135983163099,1.1949858229033266,1.602216496553756,0.2258450929269823
0,27.200000000000003,1.8170514134057107,1.534572380541607,0.791342070547429,1.1949858229033266,1.602216496553756,0.2258450929269823
0,27.3,1.794390324611927,1.550698478019724,0.7498920789352307,1.1949858229033266,1.602216496553756,0.2258450929269823
0,27.400000000000002,1.7697436737170973,1.565448116101015,0.7090672268720069,1.1949858229033266,1.602216496553756,0.2258450929269823
0,27.5,1.7431730645127304,1.5787844283717396,0.6689695552267437,1.1949858229033266,1.602216496553756,0.2258450929269823
0,27.6,1.7147449096841318,1.5906740809966384,0.6296992872960909,1.1949858229033266,1.602216496553756,0.2258450929269823
0,27.700000000000003,1.6845302648132763,1.6010873560361603,0.5913545782983145,1.1949858229033266,1.602216496553756,0.2258450929269823
0,27.8,1.652604650776858,1.6099982257258354,0.5540312700363709,1.1949858229033266,1.602216496553756,0.2258450929269823
0,27.900000000000002,1.6190478649834295,1.6173844175321306,0.5178226513433115,1.1949858229033266,1.602216496553756,0.2258450929269823
0,28.0,1.5839437819214384,1.6232274698221847,0.48281922490878504,1.1949858229033266,1.602216496553756,0.2258450929269823
0,28.1,1.5473801435166863,1.627512778008275,0.44910848106944556,1.1949858229033266,1.602216496553756,0.2258450929269823
0,28.200000000000003,1.5094483398232104,1.6302296310516822,0.4167746791286756,1.1949858229033266,1.602216496553756,0.2258450929269823
0,28.3,1.4702431805957432,1.6313712382347072,0.38589863675220837,1.1949858229033266,1.602216496553756,0.2258450929269823
0,28.400000000000002,1.429862658314701,1.6309347461339299,0.3565575279660532,1.1949858229033266,1.602216496553756,0.2258450929269823
0,28.5,1.3884077032560165,1.6289212457522815,0.3288246902616213,1.1949858229033266,1.602216496553756,0.2258450929269823
0,28.6,1.3646475436926249,1.631882717423582,0.3170509715902661,1.6766491605845015,1.530937501460032,1.5101482951296297
0,28.700000000000003,1.3586415676493822,1.6398117590109569,0.32126580011703165,1.6766491605845015,1.530937501460032,1.5101482951296297
0,28.8,1.3704047869385452,1.6526885520398036,0.3414586409656414,1.6766491605845015,1.530937501460032,1.5101482951296297
0,28.900000000000002,1.3999077996380564,1.6704809112336538,0.37757902255020226,1.6766491605845015,1.530937501460032,1.5101482951296297
0,29.0,1.4284112511064286,1.6865974173291283,0.41525513242780854,1.6766491605845015,1.530937501460032,1.5101482951296297
0,29.1,1.4558438975593013,1.7009977874543025,0.4543927999451054,1.6766491605845015,1.530937501460032,1.5101482951296297
0,29.200000000000003,1.4821371716671887,1.7136460281834314,0.49489420131580253,1.6766491605845015,1.530937501460032,1.5101482951296297
0,29.3,1.492317654282643,1.7304358412426635,0.5289200279534756,1.6766491605845015,1.530937501460032,1.5101482951296297
0,29.400000000000002,1.4869429050399716,1.7515149331842073,0.5573773195977987,1.6766491605845015,1.530937501460032,1.5101482951296297
0,29.5,1.4666862299559527,1.7769534879413103,0.5811486871529539,1.6766491605845015,1.530937501460032,1.5101482951296297
0,29.6,1.4323324575034317,1.8067472369503903,0.6010804591776677,1.6766491605845015,1.530937501460032,1.5101482951296297
0,29.700000000000003,1.399680569753019,1.834895900294226,0.6257092454287839,1.6766491605845015,1.530937501460032,1.5101482951296297
0,29.8,1.3691020716565243,1.8610833773926174,0.6547632369698917,1.6766491605845015,1.530937501460032,1.5101482951296297
0,29.900000000000002,1.340949475090144,1.8850144392302581,0.6879225816945942,1.6766491605845015,1.530937501460032,1.5101482951296297
0,30.0,1.3155527780265939,1.9064175017106155,0.7248213973250649,1.6766491605845015,1.530937501460032,1.5101482951296297
0,30.1,1.2932157487844491,1.925047401846567,0.7650501361402868,1.6766491605845015,1.530937501460032,1.5101482951296297
0,30.200000000000003,1.2742120371441146,1.9406881993552814,0.8081584170217945,1.6766491605845015,1.530937501460032,1.5101482951296297
0,30.3,1.258781150017224,1.9531559747717306,0.8536584618157033,1.6766491605845015,1.530937501460032,1.5101482951296297
0,30.400000000000002,1.2471243629491244,1.9623015666388746,0.9010292695833984,1.6766491605845015,1.530937501460032,1.5101482951296297
0,30.5,1.2394006717817796,1.968013162019629,0.949721647976101,1.6766491605845015,1.530937501460032,1.5101482951296297
0,30.6,1.2357229192009906,1.9702186280512337,0.999164196118338,1.6766491605845015,1.530937501460032,1.5101482951296297
0,30.700000000000003,1.243474354766867,1.9674274911499323,1.0446058678919532,1.6766491605845015,1.530937501460032,1.5101482951296297
0,30.8,1.261479077868208,1.9599172117573762,1.085717617304689,1.6766491605845015,1.530937501460032,1.5101482951296297
0,30.900000000000002,1.2885165204515185,1.9479876771786273,1.1222964436607508,1.6766491605845015,1.530937501460032,1.5101482951296297
0,31.0,1.3233348488945063,1.9319520083614459,1.1542686076655213,1.6766491605845015,1.530937501460032,1.5101482951296297
0,31.1,1.3573450173869126,1.9135869760861608,1.1858551839043394,1.6766491605845015,1.530937501460032,1.5101482951296297
0,31.200000000000003,1.3904620094375393,1.89293845215756,1.216977218974905,1.6766491605845015,1.530937501460032,1.5101482951296297
0,31.3,1.4226030498132558,1.8700580471319217,1.247556923997585,1.6766491605845015,1.530937501460032,1.5101482951296297
0,31.400000000000002,1.4536878026518527,1.845002950105925,1.2775178656354245,1.6766491605845015,1.530937501460032,1.5101482951296297
0,31.5,1.4836385722598602,1.8178357857736929,1.306785157137686,1.6766491605845015,1.530937501460032,1.5101482951296297
0,31.6,1.5123804973113173,1.78862445789767,1.3352856455177244,1.6766491605845015,1.530937501460032,1.5101482951296297
0,31.700000000000003,1.5398424008311646,1.7574410929378455,1.3629487798003166,1.6766491605845015,1.530937501460032,1.5101482951296297
0,31.8,1.5659555485694097,1.7243635173524676,1.3897053514009043,1.6766491605845015,1.530937501460032,1.5101482951296297
0,31.900000000000002,1.5906540067592305,1.6894752972133098,1.4154877956682483,1.6766491605845015,1.530937501460032,1.5101482951296297
0,32.0,1.6129824358317477,1.6658956945579417,1.423196790090309,1.6956938134868014,1.640025505848461,0.6738444086948479
0,32.1,1.620326535477091,1.659773802385562,1.4229432959131714,1.6956938134868014,1.640025505848461,0.6738444086948479
0,32.2,1.6132576344185425,1.6713715719922957,1.4134165385452013,1.6956938134868014,1.640025505848461,0.6738444086948479
0,32.300000000000004,1.5921022542843555,1.7007318472112165,1.3940530124177917,1.6956938134868014,1.640025505848461,0.6738444086948479
0,32.4,1.5585678026313143,1.734825629506756,1.3806854568340317,1.6956938134868014,1.640025505848461,0.6738444086948479
0,32.5,1.5261692134892715,1.767444764654527,1.3620359914455349,1.6956938134868014,1.640025505848461,0.6738444086948479
0,32.6,1.4948379780684193,1.7982100589038943,1.3389458790664155,1.6956938134868014,1.640025505848461,0.6738444086948479
0,32.7,1.4653810218567291,1.8267901319173705,1.3110096574388397,1.6956938134868014,1.640025505848461,0.6738444086948479
0,32.800000000000004,1.4376326351946684,1.8529202596303174,1.279093672640119,1.6956938134868014,1.640025505848461,0.6738444086948479
0,32.9,1.4248779748466391,1.8703953583970598,1.2439208035494533,1.6956938134868014,1.640025505848461,0.6738444086948479
0,33.0,1.4267088317539158,1.8792229072681337,1.2060957946894488,1.6956938134868014,1.640025505848461,0.6738444086948479
0,33.1,1.4314620387516657,1.885316452518805,1.1654585473562253,1.6956938134868014,1.640025505848461,0.6738444086948479
0,33.2,1.4400044303253674,1.888141848119742,1.1220384047187124,1.6956938134868014,1.640025505848461,0.6738444086948479
0,33.300000000000004,1.4389754977180271,1.8935166572558983,1.0762866106663123,1.6956938134868014,1.640025505848461,0.6738444086948479
0,33.4,1.429903149443437,1.9007140462245007,1.028098948529518,1.6956938134868014,1.640025505848461,0.6738444086948479
0,33.5,1.42499166577407,1.903238165017984,0.9789149533731758,1.6956938134868014,1.640025505848461,0.6738444086948479
0,33.6,1.4237141851833952,1.9013258162452824,0.9294926237289651,1.6956938134868014,1.640025505848461,0.6738444086948479
0,33.7,1.4269582007346184,1.8946144320629417,0.8805582728940102,1.6956938134868014,1.640025505848461,0.6738444086948479
0,33.800000000000004,1.4341275058203,1.8834460948821925,0.8328111417969546,1.6956938134868014,1.640025505848461,0.6738444086948479
0,33.9,1.444658454990039,1.8681797574592776,0.7868534169211148,1.6956938134868014,1.640025505848461,0.6738444086948479
0,34.0,1.4587578256717213,1.8488637671033952,0.7433625223659713,1.6956938134868014,1.640025505848461,0.6738444086948479
0,34.1,1.475930455326496,1.8259159347731366,0.7029347365373612,1.6956938134868014,1.640025505848461,0.6738444086948479
0,34.2,1.4964429572956253,1.7995126491186075,0.6664980896585719,1.6956938134868014,1.640025505848461,0.6738444086948479
0,34.300000000000004,1.5200430438317123,1.7700131250401048,0.6345805069420043,1.6956938134868014,1.640025505848461,0.6738444086948479
0,34.4,1.546161847706104,1.7378530028201502,0.6073572106157812,1.6956938134868014,1.640025505848461,0.6738444086948479
0,34.5,1.574484404107312,1.7035524241386204,0.5854222229766528,1.6956938134868014,1.640025505848461,0.6738444086948479
0,34.6,1.587846890978024,1.6860312595078049,0.5727565186243221,1.2897616834787575,1.6641835205604494,1.6891287381930051
0,34.7,1.5858410082890824,1.6856045718640937,0.5693221601413359,1.2897616834787575,1.6641835205604494,1.6891287381930051
0,34.800000000000004,1.5688142096899353,1.7024683406292822,0.575873933370048,1.2897616834787575,1.6641835205604494,1.6891287381930051
0,34.9,1.5364693691958136,1.7365095957031533,0.5917738330059628,1.2897616834787575,1.6641835205604494,1.6891287381930051
0,35.0,1.505371413098643,1.7690498911603563,0.6126393170543428,1.2897616834787575,1.6641835205604494,1.6891287381930051
0,35.1,1.4758490982738484,1.7997597912141274,0.638284185795442,1.2897616834787575,1.6641835205604494,1.6891287381930051
0,35.2,1.4483944539639086,1.8281410713953152,0.6683080274190764,1.2897616834787575,1.6641835205604494,1.6891287381930051
0,35.300000000000004,1.4232895850430993,1.8539077986297365,0.7024061106754935,1.2897616834787575,1.6641835205604494,1.6891287381930051
0,35.4,1.4007919764694443,1.876796660333989,0.740231280332569,1.2897616834787575,1.6641835205604494,1.6891287381930051
0,35.5,1.381129167779795,1.8965711063465034,0.7813972142388546,1.2897616834787575,1.6641835205604494,1.6891287381930051
0,35.6,1.3638864285693182,1.9131505375378393,0.8249883670507148,1.2897616834787575,1.6641835205604494,1.6891287381930051
0,35.7,1.3499342255984415,1.9261454419173696,0.8707910426847295,1.2897616834787575,1.6641835205604494,1.6891287381930051
0,35.800000000000004,1.341587894939534,1.9346600843171768,0.918388533180421,1.2897616834787575,1.6641835205604494,1.6891287381930051
0,35.9,1.338007802090076,1.9389291391462211,0.9672243247410337,1.2897616834787575,1.6641835205604494,1.6891287381930051
0,36.0,1.3368312912440854,1.9397594732985515,1.0168241794629362,1.2897616834787575,1.6641835205604494,1.6891287381930051
0,36.1,1.3372728096445328,1.937387177968866,1.066617305752979,1.2897616834787575,1.6641835205604494,1.6891287381930051
0,36.2,1.3370164410782954,1.932627409160772,1.1162341939846434,1.2897616834787575,1.6641835205604494,1.6891287381930051
0,36.300000000000004,1.3360627658767927,1.9254922122852012,1.16554953545266,1.2897616834787575,1.6641835205604494,1.6891287381930051
0,36.4,1.3359045967499654,1.9154601898818098,1.2144281974136464,1.2897616834787575,1.6641835205604494,1.6891287381930051
0,36.5,1.3357050275613065,1.9028590095315003,1.2627291041309467,1.2897616834787575,1.6641835205604494,1.6891287381930051
0,36.6,1.3346663321367025,1.8880013607447532,1.3103720399121945,1.2897616834787575,1.6641835205604494,1.6891287381930051
0,36.7,1.3327911561406964,1.8709242007448714,1.3572392148981827,1.2897616834787575,1.6641835205604494,1.6891287381930051
0,36.800000000000004,1.3300841755686221,1.8516701838116827,1.403213477893512,1.2897616834787575,1.6641835205604494,1.6891287381930051
0,36.9,1.3265521564621419,1.8302874349602227,1.4481799171836274,1.2897616834787575,1.6641835205604494,1.6891287381930051
0,37.0,1.3222039270295818,1.806829399926699,1.4920261400883723,1.2897616834787575,1.6641835205604494,1.6891287381930051
0,37.1,1.3170503555800093,1.7813547115819877,1.5346425538851567,1.2897616834787575,1.6641835205604494,1.6891287381930051
0,37.2,1.3141843790076977,1.7686982437889245,1.5560050011816773,1.3268227551165763,1.9216010147755096,1.209376350867908
0,37.300000000000004,1.3136131607615062,1.7688916311256313,1.5560600869850398,1.3268227551165763,1.9216010147755096,1.209376350867908
0,37.4,1.3153381285895658,1.7819343902244804,1.5348076736094245,1.3268227551165763,1.9216010147755096,1.209376350867908
0,37.5,1.3163644370159913,1.8085828659814487,1.4929664661709583,1.3268227551165763,1.9216010147755096,1.209376350867908
0,37.6,1.3149712979664379,1.8336937183109958,1.450170481502395,1.3268227551165763,1.9216010147755096,1.209376350867908
0,37.7,1.3125145699496343,1.8568299672628195,1.4062903222986836,1.3268227551165763,1.9216010147755096,1.209376350867908
0,37.800000000000004,1.3073273312215792,1.869581731403012,1.384856226826476,1.1741016549237568,0.2285877607419622,1.6120553658581132
0,37.9,1.303790541858634,1.870669991170231,1.3852177386261522,1.1741016549237568,0.2285877607419622,1.6120553658581132
0,38.0,1.3019786947432301,1.8599986089526859,1.4075622465156414,1.1741016549237568,0.2285877607419622,1.6120553658581132
0,38.1,1.3012484508524622,1.8378024384654734,1.4519130288673865,1.1741016549237568,0.2285877607419622,1.6120553658581132
0,38.2,1.3047363270180472,1.8122199134817156,1.494291535165779,1.1741016549237568,0.2285877607419622,1.6120553658581132
0,38.300000000000004,1.3117812202849812,1.7836808043541157,1.53434701911227,1.1741016549237568,0.2285877607419622,1.6120553658581132
0,38.400000000000006,1.3209379940754145,1.7526552979932484,1.5721791965108078,1.1741016549237568,0.2285877607419622,1.6120553658581132
0,38.5,1.3314789473405464,1.7193878258553925,1.6078497989584704,1.1741016549237568,0.2285877607419622,1.6120553658581132
0,38.6,1.3419161151970227,1.6842306589985458,1.6417168259570785,1.1741016549237568,0.2285877607419622,1.6120553658581132
0,38.7,1.351498549862159,1.6473630224661666,1.6739796699079745,1.1741016549237568,0.2285877607419622,1.6120553658581132
0,38.800000000000004,1.3602020917990107,1.6088781285388913,1.70455692235977,1.1741016549237568,0.2285877607419622,1.6120553658581132
0,38.900000000000006,1.3680053040065892,1.5688713385461202,1.7333731251240436,1.1741016549237568,0.2285877607419622,1.6120553658581132
0,39.0,1.3748886711903343,1.5274426268788899,1.760356231206206,1.1741016549237568,0.2285877607419622,1.6120553658581132
0,39.1,1.3808347731703883,1.4846965677323312,1.7854380220503594,1.1741016549237568,0.2285877607419622,1.6120553658581132
0,39.2,1.3858289986800238,1.4407390374969524,1.808556651270308,1.1741016549237568,0.2285877607419622,1.6120553658581132
0,39.300000000000004,1.3898588526288176,1.3956798892002846,1.8296543099502447,1.1741016549237568,0.2285877607419622,1.6120553658581132
0,39.400000000000006,1.3929142624806048,1.3496317472467192,1.8486782649309177,1.1741016549237568,0.2285877607419622,1.6120553658581132
0,39.5,1.394987591301983,1.302709708009731,1.8655809662323597,1.1741016549237568,0.2285877607419622,1.6120553658581132
0,39.6,1.3960736568506666,1.2550310521508867,1.8803201659040738,1.1741016549237568,0.2285877607419622,1.6120553658581132
0,39.7,1.3961697445283971,1.2067149514792697,1.8928590236229077,1.1741016549237568,0.2285877607419622,1.6120553658581132
0,39.800000000000004,1.395275614166021,1.1578821710840201,1.9031661987746746,1.1741016549237568,0.2285877607419622,1.6120553658581132
0,39.900000000000006,1.3933935006237903,1.1086547674845058,1.9112159287893689,1.1741016549237568,0.2285877607419622,1.6120553658581132
0,40.0,1.3905281082053746,1.0591557835525893,1.9169880935341714,1.1741016549237568,0.2285877607419622,1.6120553658581132
0,40.1,1.3866865988995527,1.0095089409695277,1.920468265603306,1.1741016549237568,0.2285877607419622,1.6120553658581132
0,40.2,1.3818785744789697,0.9598383309862031,1.9216477463790387,1.1741016549237568,0.2285877607419622,1.6120553658581132
0,40.300000000000004,1.3761160525007061,0.91026810425962,1.9205235877736908,1.1741016549237568,0.2285877607419622,1.6120553658581132
0,40.400000000000006,1.3694134362686445,0.8609221605409201,1.9170985995983258,1.1741016549237568,0.2285877607419622,1.6120553658581132
0,40.5,1.36178747883271,0.811923838990529,1.911381342539683,1.1741016549237568,0.2285877607419622,1.6120553658581132
0,40.6,1.35325724111497,0.7633956098944906,1.903386106762919,1.1741016549237568,0.2285877607419622,1.6120553658581132
0,40.7,1.3438440442672577,0.7154587685525315,1.893132876193637,1.1741016549237568,0.2285877607419622,1.6120553658581132
0,40.800000000000004,1.3335714163793935,0.6682331321029824,1.8806472785684814,1.1741016549237568,0.2285877607419622,1.6120553658581132
0,40.900000000000006,1.3224650336712165,0.6218367400423312,1.8659605213791413,1.1741016549237568,0.2285877607419622,1.6120553658581132
0,41.0,1.3105526563154044,0.5763855591879554,1.8491093138698746,1.1741016549237568,0.2285877607419622,1.6120553658581132
0,41.1,1.2978640590515007,0.5319931938214737,1.8301357752835157,1.1741016549237568,0.2285877607419622,1.6120553658581132
0,41.2,1.2844309567645715,0.4887706017372053,1.8090873295853023,1.1741016549237568,0.2285877607419622,1.6120553658581132
0,41.300000000000004,1.2702869252145097,0.4468258169054702,1.7860165869276614,1.1741016549237568,0.2285877607419622,1.6120553658581132
0,41.400000000000006,1.255467317114121,0.40626367944392583,1.7609812121522266,1.1741016549237568,0.2285877607419622,1.6120553658581132
0,41.5,1.2400091737657541,0.36718557357187354,1.7340437806577653,1.1741016549237568,0.2285877607419622,1.6120553658581132
0,41.6,1.2275280352043858,0.32972808683184807,1.704192569356067,1.1198624086933604,0.007219271998380794,0.9955921557648894
0,41.7,1.2180550977763684,0.29398484343321785,1.671502190729176,1.1198624086933604,0.007219271998380794,0.9955921557648894
0,41.800000000000004,1.2116140388918615,0.26004518286975786,1.6360543536988392,1.1198624086933604,0.007219271998380794,0.9955921557648894
0,41.900000000000006,1.2082209578436376,0.22799393661744372,1.5979376593967556,1.1198624086933604,0.007219271998380794,0.9955921557648894
0,42.0,1.2043074328401833,0.19787230347060003,1.5583264323460935,1.1198624086933604,0.007219271998380794,0.9955921557648894
0,42.1,1.1998832456558826,0.16975557182505097,1.5173196799853512,1.1198624086933604,0.007219271998380794,0.9955921557648894
0,42.2,1.1949594544546243,0.14371401886699964,1.4750198978395266,1.1198624086933604,0.007219271998380794,0.9955921557648894
0,42.300000000000004,1.1895483661501505,0.11981273491666233,1.4315328133346839,1.1198624086933604,0.007219271998380794,0.9955921557648894
0,42.400000000000006,1.183663505645182,0.09811146073636712,1.386967121534449,1.1198624086933604,0.007219271998380794,0.9955921557648894
0,42.5,1.1773195820262055,0.07866443820975955,1.3414342134589592,1.1198624086933604,0.007219271998380794,0.9955921557648894
0,42.6,1.1705324517984166,0.06152027476534261,1.295047897665323,1.1198624086933604,0.007219271998380794,0.9955921557648894
0,42.7,1.1633190792527155,0.046721821883219494,1.2479241157854981,1.1198624086933604,0.007219271998380794,0.9955921557648894
0,42.800000000000004,1.1556974940638152,0.03430606798871039,1.2001806527325931,1.1198624086933604,0.007219271998380794,0.9955921557648894
0,42.900000000000006,1.151407187204892,0.024830569599182395,1.151794602882594,1.1936445921795464,0.18015713086801965,0.461149889252067
0,43.0,1.1504588822087456,0.018319010525865043,1.1028869061611586,1.1936445921795464,0.18015713086801965,0.461149889252067
0,43.1,1.1528549493439977,0.014787666275287381,1.0535798063394541,1.1936445921795464,0.18015713086801965,0.461149889252067
0,43.2,1.1585893996906584,0.014245363368987407,1.0039965454883937,1.1936445921795464,0.18015713086801965,0.461149889252067
0,43.300000000000004,1.1639274591298554,0.016166933683174123,0.954403295354973,1.1936445921795464,0.18015713086801965,0.461149889252067
0,43.400000000000006,1.168855785292998,0.020547574292796855,0.9049240132368601,1.1936445921795464,0.18015713086801965,0.461149889252067
0,43.5,1.173362059931301,0.02737633587772481,0.8556823715710384,1.1936445921795464,0.18015713086801965,0.461149889252067
0,43.6,1.1774350197049914,0.03663615009034615,0.8068014488171211,1.1936445921795464,0.18015713086801965,0.461149889252067
0,43.7,1.1810644843357911,0.04830387221754728,0.7584034218253005,1.1936445921795464,0.18015713086801965,0.461149889252067
0,43.800000000000004,1.184241382052312,0.06235033903044229,0.7106092604578511,1.1936445921795464,0.18015713086801965,0.461149889252067
0,43.900000000000006,1.186957772264759,0.07874044167725791,0.6635384252274732,1.1936445921795464,0.18015713086801965,0.461149889252067
0,44.0,1.1892068654122698,0.09743321343717681,0.617308568708226,1.1936445921795464,0.18015713086801965,0.461149889252067
0,44.1,1.2002867313220886,0.11070498058355194,0.5908372569765095,1.794177334642924,0.6405380314573402,1.489968829938086
0,44.2,1.2201696760997234,0.11852257061032001,0.5841906545256605,1.794177334642924,0.6405380314573402,1.489968829938086
0,44.300000000000004,1.2488060027380676,0.12086644361373611,0.5973853744003224,1.794177334642924,0.6405380314573402,1.489968829938086
0,44.400000000000006,1.286124135334036,0.11773074113195736,0.6303884366724857,1.794177334642924,0.6405380314573402,1.489968829938086
0,44.5,1.3227271066022384,0.11680025232040092,0.6643153353629866,1.794177334642924,0.6405380314573402,1.489968829938086
0,44.6,1.3585234281769631,0.11807730291650653,0.6990812708938863,1.794177334642924,0.6405380314573402,1.489968829938086
0,44.7,1.3934236278966377,0.12155870095885901,0.7345993465321066,1.794177334642924,0.6405380314573402,1.489968829938086
0,44.800000000000004,1.427340473437635,0.12723574476542943,0.7707807855860083,1.794177334642924,0.6405380314573402,1.489968829938086
0,44.900000000000006,1.4601891903496544,0.13509424468324882,0.8075351533008857,1.794177334642924,0.6405380314573402,1.489968829938086
0,45.0,1.4918876739476974,0.1451145585551501,0.8447705828987564,1.794177334642924,0.6405380314573402,1.489968829938086
0,45.1,1.5223566945310196,0.15727164081493217,0.8823940051974626,1.794177334642924,0.6405380314573402,1.489968829938086
0,45.2,1.551520095416122,0.17153510508823155,0.920311381235157,1.794177334642924,0.6405380314573402,1.489968829938086
0,45.300000000000004,1.579304983288797,0.1878693001426337,0.9584279373187331,1.794177334642924,0.6405380314573402,1.489968829938086
0,45.400000000000006,1.6056419103994535,0.20623339899718707,0.9966484019087007,1.794177334642924,0.6405380314573402,1.489968829938086
0,45.5,1.630465048146321,0.22658150096859275,1.034877243748418,1.794177334642924,0.6405380314573402,1.489968829938086
0,45.6,1.6537123516126724,0.24886274639900918,1.0730189106424817,1.794177334642924,0.6405380314573402,1.489968829938086
0,45.7,1.6753257146468035,0.2730214437787084,1.1109780682874528,1.794177334642924,0.6405380314573402,1.489968829938086
0,45.800000000000004,1.6952511150971512,0.2989972089458477,1.1486598385579658,1.794177334642924,0.6405380314573402,1.489968829938086
0,45.900000000000006,1.7134387498395371,0.3267251160154261,1.1859700366526311,1.794177334642924,0.6405380314573402,1.489968829938086
0,46.0,1.7298431592590426,0.35613585966018446,1.2228154065069878,1.794177334642924,0.6405380314573402,1.489968829938086
0,46.1,1.74442334087537,0.3871559283378303,1.2591038538850976,1.794177334642924,0.6405380314573402,1.489968829938086
0,46.2,1.7571428518276906,0.4197077880316088,1.2947446765671733,1.794177334642924,0.6405380314573402,1.489968829938086
0,46.300000000000004,1.7679698999628166,0.4537100760449664,1.3296487910578914,1.794177334642924,0.6405380314573402,1.489968829938086
0,46.400000000000006,1.776877423299028,0.4890778043659191,1.3637289552487362,1.794177334642924,0.6405380314573402,1.489968829938086
0,46.5,1.7887459546490936,0.5170488683621993,1.378001261185521,1.6159003633703874,0.9875474242210683,0.2122743651773833
0,46.6,1.8035458288656498,0.537553354940865,1.372430035536277,1.6159003633703874,0.9875474242210683,0.2122743651773833
0,46.7,1.8212400539707811,0.5505400135639997,1.34702920346369,1.6159003633703874,0.9875474242210683,0.2122743651773833
0,46.800000000000004,1.8417844036166986,0.5559763843483665,1.3018622538194424,1.6159003633703874,0.9875474242210683,0.2122743651773833
0,46.900000000000006,1.8602247306464172,0.5625225829288336,1.2559408057474695,1.6159003633703874,0.9875474242210683,0.2122743651773833
0,47.0,1.876514943845899,0.5701622472181441,1.2093796389525224,1.6159003633703874,0.9875474242210683,0.2122743651773833
0,47.1,1.8906143261659247,0.578876282034235,1.1622951321030024,1.6159003633703874,0.9875474242210683,0.2122743651773833
0,47.2,1.9024876364935102,0.5886429068282477,1.1148049719448956,1.6159003633703874,0.9875474242210683,0.2122743651773833
0,47.300000000000004,1.9121051977363372,0.5994377101245569,1.0670278591462004,1.6159003633703874,0.9875474242210683,0.2122743651773833
0,47.400000000000006,1.9194429710000278,0.6112337105367469,1.0190832116070736,1.6159003633703874,0.9875474242210683,0.2122743651773833
0,47.5,1.924482615672861,0.6240014242070254,0.9710908659772738,1.6159003633703874,0.9875474242210683,0.2122743651773833
0,47.6,1.9272115352677512,0.6377089385005135,0.9231707781269448,1.6159003633703874,0.9875474242210683,0.2122743651773833
0,47.7,1.9276229089069048,0.6523219917702127,0.8754427233194132,1.6159003633703874,0.9875474242210683,0.2122743651773833
0,47.800000000000004,1.9257157083704632,0.6678040589932799,0.8280259968354073,1.6159003633703874,0.9875474242210683,0.2122743651773833
0,47.900000000000006,1.9214947006665168,0.6841164430645623,0.7810391157969834,1.6159003633703874,0.9875474242210683,0.2122743651773833
0,48.0,1.914970436116067,0.7012183715192071,0.7345995229364429,1.6159003633703874,0.9875474242210683,0.2122743651773833
0,48.1,1.9061592219827188,0.7190670984425895,0.6888232930506648,1.6159003633703874,0.9875474242210683,0.2122743651773833
0,48.2,1.8950830817130138,0.7376180113128389,0.6438248428745639,1.6159003633703874,0.9875474242210683,0.2122743651773833
0,48.300000000000004,1.8817696998892837,0.7568247425089079,0.5997166450988405,1.6159003633703874,0.9875474242210683,0.2122743651773833
0,48.400000000000006,1.8662523530326132,0.7766392852054786,0.5566089472468285,1.6159003633703874,0.9875474242210683,0.2122743651773833
0,48.5,1.8485698264288652,0.7970121133650242,0.5146094961131031,1.6159003633703874,0.9875474242210683,0.2122743651773833
0,48.6,1.828766317185668,0.8178923055271095,0.47382326845260725,1.6159003633703874,0.9875474242210683,0.2122743651773833
0,48.7,1.806891323762661,0.839227672085523,0.43435220859343526,1.6159003633703874,0.9875474242210683,0.2122743651773833
0,48.800000000000004,1.7829995222511252,0.8609648857351129,0.3962949736291046,1.6159003633703874,0.9875474242210683,0.2122743651773833
0,48.900000000000006,1.7571506297122301,0.8830496147622773,0.35974668682720123,1.6159003633703874,0.9875474242210683,0.2122743651773833
0,49.0,1.7294092549154796,0.9054266588459527,0.32479869987075016,1.6159003633703874,0.9875474242210683,0.2122743651773833
0,49.1,1.7097891741615037,0.9103868396866922,0.30240957673133884,1.360942815361613,0.06757578070762482,1.0174745333510624
0,49.2,1.6983394274342472,0.897917759415606,0.29263527855678595,1.360942815361613,0.06757578070762482,1.0174745333510624
0,49.300000000000004,1.6950886331376147,0.8680505842396007,0.2955002360021717,1.360942815361613,0.06757578070762482,1.0174745333510624
0,49.400000000000006,1.7000449165643676,0.8208599665420917,0.31099728816592376,1.360942815361613,0.06757578070762482,1.0174745333510624
0,49.5,1.7032514522760542,0.7741171056339016,0.3282164882835851,1.360942815361613,0.06757578070762482,1.0174745333510624
0,49.6,1.7047002256033272,0.7279388343240895,0.34711479732244765,1.360942815361613,0.06757578070762482,1.0174745333510624
0,49.7,1.704387615367375,0.682440574241751,0.3676449793519636,1.360942815361613,0.06757578070762482,1.0174745333510624
0,49.800000000000004,1.7023144029309827,0.6377360473420561,0.38975571960897104,1.360942815361613,0.06757578070762482,1.0174745333510624
0,49.900000000000006,1.7011303394368786,0.615435982035176,0.40094980353091725,1.360942815361613,0.06757578070762482,1.0174745333510624
1,0.0,1.4780509097074703,1.8779761842840772,0.9994729750332272,1.26747330066579,1.9635508247646443,0.9947234929810069
1,0.1,1.455721669525869,1.8891855967319793,0.9989468282584193,1.26747330066579,1.9635508247646443,0.9947234929810069
1,0.2,1.433040566982556,1.8996400122586947,0.9984222166732836,1.26747330066579,1.9635508247646443,0.9947234929810069
1,0.30000000000000004,1.4059689888650497,1.912896065976809,0.987501406420552,1.6484898239516,1.2123101478559117,0.2689833453685042
1,0.4,1.3963064010465558,1.916613970597968,0.9667384992571901,1.6484898239516,1.2123101478559117,0.2689833453685042
1,0.5,1.404076954964442,1.9107844332968653,0.9361853916379933,1.6484898239516,1.2123101478559117,0.2689833453685042
1,0.6000000000000001,1.4292612282807402,1.8954220248807903,0.8959184504202586,1.6484898239516,1.2123101478559117,0.2689833453685042
1,0.7000000000000001,1.4533725720812627,1.8778215277292887,0.8559116588718503,1.6484898239516,1.2123101478559117,0.2689833453685042
1,0.8,1.476350720563453,1.8580269339190785,0.8162650131365048,1.6484898239516,1.2123101478559117,0.2689833453685042
1,0.9,1.4981382403228944,1.8360877196258594,0.7770776091809866,1.6484898239516,1.2123101478559117,0.2689833453685042
1,1.0,1.5186806739069092,1.8120587214596426,0.7384473951067791,1.6484898239516,1.2123101478559117,0.2689833453685042
1,1.1,1.5379266759298296,1.7859999994017837,0.7004709263308412,1.6484898239516,1.2123101478559117,0.2689833453685042
1,1.2000000000000002,1.5558281414097228,1.7579766866863067,0.6632431242473502,1.6484898239516,1.2123101478559117,0.2689833453685042
1,1.3,1.5687467153546633,1.7362260929984192,0.6356091346792794,1.6484898239516,1.2123101478559117,0.2689833453685042
1,1.4000000000000001,1.5770131385291308,1.7212484449957373,0.6173933270261676,1.6484898239516,1.2123101478559117,0.2689833453685042
1,1.5,1.580969779651739,1.7135270404989469,0.6083965301376606,1.6484898239516,1.2123101478559117,0.2689833453685042
1,1.6,1.580969779651739,1.7135270404989469,0.6083965301376606,1.6484898239516,1.2123101478559117,0.2689833453685042
1,1.7000000000000002,1.580969779651739,1.7135270404989469,0.6083965301376606,1.6484898239516,1.2123101478559117,0.2689833453685042
1,1.8,1.580969779651739,1.7135270404989469,0.6083965301376606,1.6484898239516,1.2123101478559117,0.2689833453685042
1,1.9000000000000001,1.580969779651739,1.7135270404989469,0.6083965301376606,1.6484898239516,1.2123101478559117,0.2689833453685042
1,2.0,1.580969779651739,1.7135270404989469,0.6083965301376606,1.6484898239516,1.2123101478559117,0.2689833453685042
1,2.1,1.580969779651739,1.7135270404989469,0.6083965301376606,1.6484898239516,1.2123101478559117,0.2689833453685042
1,2.2,1.580969779651739,1.7135270404989469,0.6083965301376606,1.6484898239516,1.2123101478559117,0.2689833453685042
1,2.3000000000000003,1.580969779651739,1.7135270404989469,0.6083965301376606,1.6484898239516,1.2123101478559117,0.2689833453685042
1,2.4000000000000004,1.580969779651739,1.7135270404989469,0.6083965301376606,1.6484898239516,1.2123101478559117,0.2689833453685042
1,2.5,1.580969779651739,1.7135270404989469,0.6083965301376606,1.6484898239516,1.2123101478559117,0.2689833453685042
1,2.6,1.5845633903028677,1.7053597745012694,0.5996444344320314,1.6484898239516,1.2123101478559117,0.2689833453685042
1,2.7,1.5881570009539967,1.6971925085035917,0.5908923387264022,1.6484898239516,1.2123101478559117,0.2689833453685042
1,2.8000000000000003,1.5917506116051254,1.689025242505914,0.582140243020773,1.6484898239516,1.2123101478559117,0.2689833453685042
1,2.9000000000000004,1.5953442222562542,1.6808579765082365,0.5733881473151439,1.6484898239516,1.2123101478559117,0.2689833453685042
1,3.0,1.5953442222562542,1.6808579765082365,0.5733881473151439,1.6484898239516,1.2123101478559117,0.2689833453685042
1,3.1,1.5953442222562542,1.6808579765082365,0.5733881473151439,1.6484898239516,1.2123101478559117,0.2689833453685042
1,3.2,1.5953442222562542,1.6808579765082365,0.5733881473151439,1.6484898239516,1.2123101478559117,0.2689833453685042
1,3.3000000000000003,1.5953442222562542,1.6808579765082365,0.5733881473151439,1.6484898239516,1.2123101478559117,0.2689833453685042
1,3.4000000000000004,1.5953442222562542,1.6808579765082365,0.5733881473151439,1.6484898239516,1.2123101478559117,0.2689833453685042
1,3.5,1.5953442222562542,1.6808579765082365,0.5733881473151439,1.6484898239516,1.2123101478559117,0.2689833453685042
1,3.6,1.5953442222562542,1.6808579765082365,0.5733881473151439,1.6484898239516,1.2123101478559117,0.2689833453685042
1,3.7,1.5953442222562542,1.6808579765082365,0.5733881473151439,1.6484898239516,1.2123101478559117,0.2689833453685042
1,3.8000000000000003,1.5953442222562542,1.6808579765082365,0.5733881473151439,1.6484898239516,1.2123101478559117,0.2689833453685042
1,3.9000000000000004,1.5953442222562542,1.6808579765082365,0.5733881473151439,1.6484898239516,1.2123101478559117,0.2689833453685042
1,4.0,1.598565820280792,1.6722652629212365,0.5649026284736532,1.6484898239516,1.2123101478559117,0.2689833453685042
1,4.1000000000000005,1.6046289513859917,1.6546758654668818,0.5482193770327414,1.6484898239516,1.2123101478559117,0.2689833453685042
1,4.2,1.6131464482751166,1.627708300889105,0.5236466692966799,1.6484898239516,1.2123101478559117,0.2689833453685042
1,4.3,1.62372500901518,1.5910045264655914,0.4915125011017285,1.6484898239516,1.2123101478559117,0.2689833453685042
1,4.4,1.6327445820624107,1.5528235485151214,0.46064928683885253,1.6484898239516,1.2123101478559117,0.2689833453685042
1,4.5,1.6401826231814938,1.513260799598302,0.43113416847045793,1.6484898239516,1.2123101478559117,0.2689833453685042
1,4.6000000000000005,1.646020541143288,1.472415165983544,0.4030409184212892,1.6484898239516,1.2123101478559117,0.2689833453685042
1,4.7,1.6502437441932183,1.4303887404828899,0.37643975518578765,1.6484898239516,1.2123101478559117,0.2689833453685042
1,4.800000000000001,1.652841676523061,1.3872865672731514,0.35139716781842356,1.6484898239516,1.2123101478559117,0.2689833453685042
1,4.9,1.6602156869686762,1.3606533391054914,0.34229757334158173,1.1648717016657204,1.306315816079442,1.9375435684859852
1,5.0,1.672347344344261,1.3505556251800124,0.349163716002477,1.1648717016657204,1.306315816079442,1.9375435684859852
1,5.1000000000000005,1.6892063258244203,1.35701866452274,0.37197843402027486,1.1648717016657204,1.306315816079442,1.9375435684859852
1,5.2,1.7107504927354427,1.3800263029012032,0.4106847024816066,1.1648717016657204,1.306315816079442,1.9375435684859852
1,5.300000000000001,1.7305181535663277,1.4020840734362858,0.45086395227726017,1.1648717016657204,1.306315816079442,1.9375435684859852
1,5.4,1.7484598994597964,1.4231368431891154,0.4924157562076955,1.1648717016657204,1.306315816079442,1.9375435684859852
1,5.5,1.7645308853949961,1.44313199119938,0.5352362564028474,1.1648717016657204,1.306315816079442,1.9375435684859852
1,5.6000000000000005,1.7786909422766968,1.4620195400103262,0.5792184239127136,1.1648717016657204,1.306315816079442,1.9375435684859852
1,5.7,1.790904677337109,1.4797522805863714,0.6242523262239894,1.1648717016657204,1.306315816079442,1.9375435684859852
1,5.800000000000001,1.8011415625993719,1.4962858903111087,0.6702254020340996,1.1648717016657204,1.306315816079442,1.9375435684859852
1,5.9,1.8093760111815966,1.5115790437707632,0.717022742595834,1.1648717016657204,1.306315816079442,1.9375435684859852
1,6.0,1.8155874412507456,1.5255935160462069,0.764527378929372,1.1648717016657204,1.306315816079442,1.9375435684859852
1,6.1000000000000005,1.8197603274664962,1.5382942782553466,0.8126205741838161,1.1648717016657204,1.306315816079442,1.9375435684859852
1,6.2,1.821884239786506,1.5496495851070888,0.8611821204174821,1.1648717016657204,1.306315816079442,1.9375435684859852
1,6.300000000000001,1.8219538695360873,1.5596310542480336,0.9100906390551502,1.1648717016657204,1.306315816079442,1.9375435684859852
1,6.4,1.8199690426771287,1.5682137372035774,0.9592238842712906,1.1648717016657204,1.306315816079442,1.9375435684859852
1,6.5,1.8159347202430998,1.575376181736106,1.0084590485409621,1.1648717016657204,1.306315816079442,1.9375435684859852
1,6.6000000000000005,1.8098609859390509,1.5811004854644173,1.0576730695946686,1.1648717016657204,1.306315816079442,1.9375435684859852
1,6.7,1.8017630209376025,1.5853723406103497,1.1067429380099423,1.1648717016657204,1.306315816079442,1.9375435684859852
1,6.800000000000001,1.7916610659339196,1.5881810697607786,1.1555460046708386,1.1648717016657204,1.306315816079442,1.9375435684859852
1,6.9,1.7795803705545152,1.5895196525555848,1.2039602873268511,1.1648717016657204,1.306315816079442,1.9375435684859852
1,7.0,1.7655511302463331,1.589384743234902,1.251864775485011,1.1648717016657204,1.306315816079442,1.9375435684859852
1,7.1000000000000005,1.7542999268006363,1.5887304466784689,1.2875942811495804,1.1648717016657204,1.306315816079442,1.9375435684859852
1,7.2,1.7463185924898088,1.5879254084737764,1.311261337501281,1.1648717016657204,1.306315816079442,1.9375435684859852
1,7.300000000000001,1.7420907866163113,1.5873386509839311,1.323008627562114,1.1648717016657204,1.306315816079442,1.9375435684859852
1,7.4,1.7420907866163113,1.5873386509839311,1.323008627562114,1.1648717016657204,1.306315816079442,1.9375435684859852
1,7.5,1.7420907866163113,1.5873386509839311,1.323008627562114,1.1648717016657204,1.306315816079442,1.9375435684859852
1,7.6000000000000005,1.7420907866163113,1.5873386509839311,1.323008627562114,1.1648717016657204,1.306315816079442,1.9375435684859852
1,7.7,1.7420907866163113,1.5873386509839311,1.323008627562114,1.1648717016657204,1.306315816079442,1.9375435684859852
1,7.800000000000001,1.7420907866163113,1.5873386509839311,1.323008627562114,1.1648717016657204,1.306315816079442,1.9375435684859852
1,7.9,1.7420907866163113,1.5873386509839311,1.323008627562114,1.1648717016657204,1.306315816079442,1.9375435684859852
1,8.0,1.7420907866163113,1.5873386509839311,1.323008627562114,1.1648717016657204,1.306315816079442,1.9375435684859852
1,8.1,1.7420907866163113,1.5873386509839311,1.323008627562114,1.1648717016657204,1.306315816079442,1.9375435684859852
1,8.200000000000001,1.7420907866163113,1.5873386509839311,1.323008627562114,1.1648717016657204,1.306315816079442,1.9375435684859852
1,8.3,1.7420907866163113,1.5873386509839311,1.323008627562114,1.1648717016657204,1.306315816079442,1.9375435684859852
1,8.4,1.7420907866163113,1.5873386509839311,1.323008627562114,1.1648717016657204,1.306315816079442,1.9375435684859852
1,8.5,1.7373992706195311,1.5863848833072347,1.3345540792856312,1.1648717016657204,1.306315816079442,1.9375435684859852
1,8.6,1.7275642548493861,1.5841127216894706,1.357414286778796,1.1648717016657204,1.306315816079442,1.9375435684859852
1,8.700000000000001,1.712146611600042,1.5801608351645133,1.391330273090925,1.1648717016657204,1.306315816079442,1.9375435684859852
1,8.8,1.6907211668269855,1.5741720912037214,1.436015427582026,1.1648717016657204,1.306315816079442,1.9375435684859852
1,8.9,1.6675692788574916,1.5667482160379649,1.4796107705766175,1.1648717016657204,1.306315816079442,1.9375435684859852
1,9.0,1.6427488153542138,1.5579077654888787,1.522007336421228,1.1648717016657204,1.306315816079442,1.9375435684859852
1,9.1,1.6163218145496625,1.5476728360788177,1.5630991557809513,1.1648717016657204,1.306315816079442,1.9375435684859852
1,9.200000000000001,1.5883543301829333,1.536069009801059,1.6027835205075933,1.1648717016657204,1.306315816079442,1.9375435684859852
1,9.3,1.5589162663997587,1.5231252901781414,1.6409612403565554,1.1648717016657204,1.306315816079442,1.9375435684859852
1,9.4,1.528081203028549,1.5088740297681627,1.677536890910787,1.1648717016657204,1.306315816079442,1.9375435684859852
1,9.5,1.4959262116691423,1.493350849300235,1.7124190520921334,1.1648717016657204,1.306315816079442,1.9375435684859852
1,9.600000000000001,1.4625316630539411,1.4765945486412124,1.7455205366639195,1.1648717016657204,1.306315816079442,1.9375435684859852
1,9.700000000000001,1.4279810261629384,1.4586470098162296,1.776758608153636,1.1648717016657204,1.306315816079442,1.9375435684859852
1,9.8,1.3923606595947384,1.4395530923254516,1.8060551876510311,1.1648717016657204,1.306315816079442,1.9375435684859852
1,9.9,1.3557595957150328,1.4193605210186853,1.8333370489647256,1.1648717016657204,1.306315816079442,1.9375435684859852
1,10.0,1.3182693181220553,1.3981197668081093,1.8585360016495538,1.1648717016657204,1.306315816079442,1.9375435684859852
1,10.100000000000001,1.299849415300438,1.3869645554181802,1.8712624145477788,1.799918672701311,1.4103331393982181,0.5620995184115742
1,10.200000000000001,1.3005459274143352,1.3859227690678506,1.8714844782549427,1.799918672701311,1.4103331393982181,0.5620995184115742
1,10.3,1.3203571135461982,1.3949970116804444,1.8592016377274263,1.799918672701311,1.4103331393982181,0.5620995184115742
1,10.4,1.3592334560481638,1.4141646023752044,1.8344445936697686,1.799918672701311,1.4103331393982181,0.5620995184115742
1,10.5,1.3972119019951763,1.4322969972567816,1.8076018726982799,1.799918672701311,1.4103331393982181,0.5620995184115742
1,10.600000000000001,1.4341975250511605,1.4493488747811412,1.7787405676359704,1.799918672701311,1.4103331393982181,0.5620995184115742
1,10.700000000000001,1.4700978804202167,1.465277614134918,1.7479328167148185,1.799918672701311,1.4103331393982181,0.5620995184115742
1,10.8,1.5048232359104656,1.4800434017652544,1.715255623267761,1.799918672701311,1.4103331393982181,0.5620995184115742
1,10.9,1.5382867962177973,1.4936093308929488,1.6807906632604617,1.799918672701311,1.4103331393982181,0.5620995184115742
1,11.0,1.570404919868929,1.5059414937601807,1.6446240811439345,1.799918672701311,1.4103331393982181,0.5620995184115742
1,11.100000000000001,1.6010973282815277,1.5170090663822489,1.6068462745382797,1.799918672701311,1.4103331393982181,0.5620995184115742
1,11.200000000000001,1.6235766362577873,1.524833300044027,1.577913985681207,1.799918672701311,1.4103331393982181,0.5620995184115742
1,11.3,1.6381898880860213,1.5297270755937644,1.5582420978175529,1.799918672701311,1.4103331393982181,0.5620995184115742
1,11.4,1.645303789098351,1.532010598498836,1.5482223480123927,1.799918672701311,1.4103331393982181,0.5620995184115742
1,11.5,1.645303789098351,1.532010598498836,1.5482223480123927,1.799918672701311,1.4103331393982181,0.5620995184115742
1,11.600000000000001,1.645303789098351,1.532010598498836,1.5482223480123927,1.799918672701311,1.4103331393982181,0.5620995184115742
1,11.700000000000001,1.645303789098351,1.532010598498836,1.5482223480123927,1.799918672701311,1.4103331393982181,0.5620995184115742
1,11.8,1.645303789098351,1.532010598498836,1.5482223480123927,1.799918672701311,1.4103331393982181,0.5620995184115742
1,11.9,1.645303789098351,1.532010598498836,1.5482223480123927,1.799918672701311,1.4103331393982181,0.5620995184115742
1,12.0,1.645303789098351,1.532010598498836,1.5482223480123927,1.799918672701311,1.4103331393982181,0.5620995184115742
1,12.100000000000001,1.645303789098351,1.532010598498836,1.5482223480123927,1.799918672701311,1.4103331393982181,0.5620995184115742
1,12.200000000000001,1.645303789098351,1.532010598498836,1.5482223480123927,1.799918672701311,1.4103331393982181,0.5620995184115742
1,12.3,1.645303789098351,1.532010598498836,1.5482223480123927,1.799918672701311,1.4103331393982181,0.5620995184115742
1,12.4,1.645303789098351,1.532010598498836,1.5482223480123927,1.799918672701311,1.4103331393982181,0.5620995184115742
1,12.5,1.645303789098351,1.532010598498836,1.5482223480123927,1.799918672701311,1.4103331393982181,0.5620995184115742
1,12.600000000000001,1.645303789098351,1.532010598498836,1.5482223480123927,1.799918672701311,1.4103331393982181,0.5620995184115742
1,12.700000000000001,1.645303789098351,1.532010598498836,1.5482223480123927,1.799918672701311,1.4103331393982181,0.5620995184115742
1,12.8,1.645303789098351,1.532010598498836,1.5482223480123927,1.799918672701311,1.4103331393982181,0.5620995184115742
1,12.9,1.645303789098351,1.532010598498836,1.5482223480123927,1.799918672701311,1.4103331393982181,0.5620995184115742
1,13.0,1.645303789098351,1.532010598498836,1.5482223480123927,1.799918672701311,1.4103331393982181,0.5620995184115742
1,13.100000000000001,1.645303789098351,1.532010598498836,1.5482223480123927,1.799918672701311,1.4103331393982181,0.5620995184115742
1,13.200000000000001,1.645303789098351,1.532010598498836,1.5482223480123927,1.799918672701311,1.4103331393982181,0.5620995184115742
1,13.3,1.645303789098351,1.532010598498836,1.5482223480123927,1.799918672701311,1.4103331393982181,0.5620995184115742
1,13.4,1.645303789098351,1.532010598498836,1.5482223480123927,1.799918672701311,1.4103331393982181,0.5620995184115742
1,13.5,1.645303789098351,1.532010598498836,1.5482223480123927,1.799918672701311,1.4103331393982181,0.5620995184115742
1,13.600000000000001,1.645303789098351,1.532010598498836,1.5482223480123927,1.799918672701311,1.4103331393982181,0.5620995184115742
1,13.700000000000001,1.645303789098351,1.532010598498836,1.5482223480123927,1.799918672701311,1.4103331393982181,0.5620995184115742
1,13.8,1.645303789098351,1.532010598498836,1.5482223480123927,1.799918672701311,1.4103331393982181,0.5620995184115742
1,13.9,1.645303789098351,1.532010598498836,1.5482223480123927,1.799918672701311,1.4103331393982181,0.5620995184115742
1,14.0,1.645303789098351,1.532010598498836,1.5482223480123927,1.799918672701311,1.4103331393982181,0.5620995184115742
1,14.100000000000001,1.645303789098351,1.532010598498836,1.5482223480123927,1.799918672701311,1.4103331393982181,0.5620995184115742
1,14.200000000000001,1.645303789098351,1.532010598498836,1.5482223480123927,1.799918672701311,1.4103331393982181,0.5620995184115742
1,14.3,1.645303789098351,1.532010598498836,1.5482223480123927,1.799918672701311,1.4103331393982181,0.5620995184115742
1,14.4,1.645303789098351,1.532010598498836,1.5482223480123927,1.799918672701311,1.4103331393982181,0.5620995184115742
1,14.5,1.645303789098351,1.532010598498836,1.5482223480123927,1.799918672701311,1.4103331393982181,0.5620995184115742
1,14.600000000000001,1.645303789098351,1.532010598498836,1.5482223480123927,1.799918672701311,1.4103331393982181,0.5620995184115742
1,14.700000000000001,1.645303789098351,1.532010598498836,1.5482223480123927,1.799918672701311,1.4103331393982181,0.5620995184115742
1,14.8,1.6520144592594237,1.5339616840462869,1.537860030616895,1.799918672701311,1.4103331393982181,0.5620995184115742
1,14.9,1.658725129420496,1.5359127695937378,1.527497713221397,1.799918672701311,1.4103331393982181,0.5620995184115742
1,15.0,1.6654357995815687,1.5378638551411885,1.517135395825899,1.799918672701311,1.4103331393982181,0.5620995184115742
1,15.100000000000001,1.6721464697426414,1.5398149406886392,1.5067730784304012,1.799918672701311,1.4103331393982181,0.5620995184115742
1,15.200000000000001,1.6721464697426414,1.5398149406886392,1.5067730784304012,1.799918672701311,1.4103331393982181,0.5620995184115742
1,15.3,1.6721464697426414,1.5398149406886392,1.5067730784304012,1.799918672701311,1.4103331393982181,0.5620995184115742
1,15.4,1.6721464697426414,1.5398149406886392,1.5067730784304012,1.799918672701311,1.4103331393982181,0.5620995184115742
1,15.5,1.6721464697426414,1.5398149406886392,1.5067730784304012,1.799918672701311,1.4103331393982181,0.5620995184115742
1,15.600000000000001,1.6721464697426414,1.5398149406886392,1.5067730784304012,1.799918672701311,1.4103331393982181,0.5620995184115742
1,15.700000000000001,1.6721464697426414,1.5398149406886392,1.5067730784304012,1.799918672701311,1.4103331393982181,0.5620995184115742
1,15.8,1.6721464697426414,1.5398149406886392,1.5067730784304012,1.799918672701311,1.4103331393982181,0.5620995184115742
1,15.9,1.6721464697426414,1.5398149406886392,1.5067730784304012,1.799918672701311,1.4103331393982181,0.5620995184115742
1,16.0,1.6721464697426414,1.5398149406886392,1.5067730784304012,1.799918672701311,1.4103331393982181,0.5620995184115742
1,16.1,1.6721464697426414,1.5398149406886392,1.5067730784304012,1.799918672701311,1.4103331393982181,0.5620995184115742
1,16.2,1.6721464697426414,1.5398149406886392,1.5067730784304012,1.799918672701311,1.4103331393982181,0.5620995184115742
1,16.3,1.6721464697426414,1.5398149406886392,1.5067730784304012,1.799918672701311,1.4103331393982181,0.5620995184115742
1,16.400000000000002,1.6721464697426414,1.5398149406886392,1.5067730784304012,1.799918672701311,1.4103331393982181,0.5620995184115742
1,16.5,1.6721464697426414,1.5398149406886392,1.5067730784304012,1.799918672701311,1.4103331393982181,0.5620995184115742
1,16.6,1.6784371358719032,1.5414287121807064,1.4960940938414637,1.799918672701311,1.4103331393982181,0.5620995184115742
1,16.7,1.6847278020011653,1.5430424836727734,1.485415109252526,1.799918672701311,1.4103331393982181,0.5620995184115742
1,16.8,1.6910184681304274,1.5446562551648406,1.4747361246635884,1.799918672701311,1.4103331393982181,0.5620995184115742
1,16.900000000000002,1.6973091342596893,1.5462700266569076,1.464057140074651,1.799918672701311,1.4103331393982181,0.5620995184115742
1,17.0,1.6973091342596893,1.5462700266569076,1.464057140074651,1.799918672701311,1.4103331393982181,0.5620995184115742
1,17.1,1.6973091342596893,1.5462700266569076,1.464057140074651,1.799918672701311,1.4103331393982181,0.5620995184115742
1,17.2,1.6973091342596893,1.5462700266569076,1.464057140074651,1.799918672701311,1.4103331393982181,0.5620995184115742
1,17.3,1.6973091342596893,1.5462700266569076,1.464057140074651,1.799918672701311,1.4103331393982181,0.5620995184115742
1,17.400000000000002,1.6973091342596893,1.5462700266569076,1.464057140074651,1.799918672701311,1.4103331393982181,0.5620995184115742
1,17.5,1.6973091342596893,1.5462700266569076,1.464057140074651,1.799918672701311,1.4103331393982181,0.5620995184115742
1,17.6,1.6973091342596893,1.5462700266569076,1.464057140074651,1.799918672701311,1.4103331393982181,0.5620995184115742
1,17.7,1.6973091342596893,1.5462700266569076,1.464057140074651,1.799918672701311,1.4103331393982181,0.5620995184115742
1,17.8,1.6973091342596893,1.5462700266569076,1.464057140074651,1.799918672701311,1.4103331393982181,0.5620995184115742
1,17.900000000000002,1.6973091342596893,1.5462700266569076,1.464057140074651,1.799918672701311,1.4103331393982181,0.5620995184115742
1,18.0,1.6973091342596893,1.5462700266569076,1.464057140074651,1.799918672701311,1.4103331393982181,0.5620995184115742
1,18.1,1.7031640729679332,1.5475424505052966,1.4530881801922382,1.799918672701311,1.4103331393982181,0.5620995184115742
1,18.2,1.7144235886658257,1.5497427701614412,1.4308877018211204,1.799918672701311,1.4103331393982181,0.5620995184115742
1,18.3,1.730623811006946,1.5525241383284274,1.3972212193019642,1.799918672701311,1.4103331393982181,0.5620995184115742
1,18.400000000000002,1.7512885204513364,1.5555382553906685,1.3518829060144273,1.799918672701311,1.4103331393982181,0.5620995184115742
1,18.5,1.7700753998580965,1.5571638161331633,1.3056650687189295,1.799918672701311,1.4103331393982181,0.5620995184115742
1,18.6,1.7869374918127265,1.5573967575006313,1.2586832279389246,1.799918672701311,1.4103331393982181,0.5620995184115742
1,18.7,1.8018326498669481,1.5562364972609675,1.2110548138086934,1.799918672701311,1.4103331393982181,0.5620995184115742
1,18.8,1.814723643882874,1.553685935460519,1.1628988725591627,1.799918672701311,1.4103331393982181,0.5620995184115742
1,18.900000000000002,1.825578253088964,1.5497514471754803,1.114335768964327,1.799918672701311,1.4103331393982181,0.5620995184115742
1,19.0,1.8343693466151743,1.5444428665775218,1.0654868854919977,1.799918672701311,1.4103331393982181,0.5620995184115742
1,19.1,1.8410749513060023,1.5377734623534836,1.0164743189108492,1.799918672701311,1.4103331393982181,0.5620995184115742
1,19.200000000000003,1.8456783066419327,1.5297599045405665,0.9674205751120829,1.799918672701311,1.4103331393982181,0.5620995184115742
1,19.3,1.8481679066320063,1.520422222859923,0.9184482629085,1.799918672701311,1.4103331393982181,0.5620995184115742
1,19.400000000000002,1.8485375285728067,1.509783756652784,0.8696797875763221,1.799918672701311,1.4103331393982181,0.5620995184115742
1,19.5,1.8467862486019775,1.4978710965442612,0.8212370449057489,1.799918672701311,1.4103331393982181,0.5620995184115742
1,19.6,1.8429184440073962,1.4847140179806326,0.773241116524964,1.799918672701311,1.4103331393982181,0.5620995184115742
1,19.700000000000003,1.8369437822862364,1.4703454068062332,0.725811967259123,1.799918672701311,1.4103331393982181,0.5620995184115742
1,19.8,1.834775355647833,1.4617892734659426,0.7022690711812357,1.2997971166681692,1.2417686932894159,1.9228594626391282
1,19.900000000000002,1.8364185840294875,1.4590670038371636,0.7026712732705935,1.2997971166681692,1.2417686932894159,1.9228594626391282
1,20.0,1.8418693602160225,1.4621854021762375,0.7270175682314359,1.2997971166681692,1.2417686932894159,1.9228594626391282
1,20.1,1.8511140601056812,1.4711366741113467,0.7752471030056659,1.2997971166681692,1.2417686932894159,1.9228594626391282
1,20.200000000000003,1.8582314180967094,1.4789103497244145,0.8240384029733357,1.2997971166681692,1.2417686932894159,1.9228594626391282
1,20.3,1.8632036445007782,1.48548699887486,0.873269515294544,1.2997971166681692,1.2417686932894159,1.9228594626391282
1,20.400000000000002,1.8660183113413629,1.4908501833648597,0.9228173878275553,1.2997971166681692,1.2417686932894159,1.9228594626391282
1,20.5,1.866668383417212,1.494986498026281,0.9725581766950704,1.2997971166681692,1.2417686932894159,1.9228594626391282
1,20.6,1.866343266500569,1.4976275315823213,1.0099284121604926,1.2997971166681692,1.2417686932894159,1.9228594626391282
1,20.700000000000003,1.8655842441550203,1.4990788985132266,1.0348642650506106,1.2997971166681692,1.2417686932894159,1.9228594626391282
1,20.8,1.8649336844817506,1.4996491868462392,1.0473329856729505,1.2997971166681692,1.2417686932894159,1.9228594626391282
1,20.900000000000002,1.8649336844817506,1.4996491868462392,1.0473329856729505,1.2997971166681692,1.2417686932894159,1.9228594626391282
1,21.0,1.8649336844817506,1.4996491868462392,1.0473329856729505,1.2997971166681692,1.2417686932894159,1.9228594626391282
1,21.1,1.8649336844817506,1.4996491868462392,1.0473329856729505,1.2997971166681692,1.2417686932894159,1.9228594626391282
1,21.200000000000003,1.8649336844817506,1.4996491868462392,1.0473329856729505,1.2997971166681692,1.2417686932894159,1.9228594626391282
1,21.3,1.8649336844817506,1.4996491868462392,1.0473329856729505,1.2997971166681692,1.2417686932894159,1.9228594626391282
1,21.400000000000002,1.8649336844817506,1.4996491868462392,1.0473329856729505,1.2997971166681692,1.2417686932894159,1.9228594626391282
1,21.5,1.8649336844817506,1.4996491868462392,1.0473329856729505,1.2997971166681692,1.2417686932894159,1.9228594626391282
1,21.6,1.8649336844817506,1.4996491868462392,1.0473329856729505,1.2997971166681692,1.2417686932894159,1.9228594626391282
1,21.700000000000003,1.8649336844817506,1.4996491868462392,1.0473329856729505,1.2997971166681692,1.2417686932894159,1.9228594626391282
1,21.8,1.8649336844817506,1.4996491868462392,1.0473329856729505,1.2997971166681692,1.2417686932894159,1.9228594626391282
1,21.900000000000002,1.8649336844817506,1.4996491868462392,1.0473329856729505,1.2997971166681692,1.2417686932894159,1.9228594626391282
1,22.0,1.8649336844817506,1.4996491868462392,1.0473329856729505,1.2997971166681692,1.2417686932894159,1.9228594626391282
1,22.1,1.8649336844817506,1.4996491868462392,1.0473329856729505,1.2997971166681692,1.2417686932894159,1.9228594626391282
1,22.200000000000003,1.8649336844817506,1.4996491868462392,1.0473329856729505,1.2997971166681692,1.2417686932894159,1.9228594626391282
1,22.3,1.8649336844817506,1.4996491868462392,1.0473329856729505,1.2997971166681692,1.2417686932894159,1.9228594626391282
1,22.400000000000002,1.8649336844817506,1.4996491868462392,1.0473329856729505,1.2997971166681692,1.2417686932894159,1.9228594626391282
1,22.5,1.8637426538678685,1.4999072594905394,1.0597721293418805,1.2997971166681692,1.2417686932894159,1.9228594626391282
1,22.6,1.8608230986557501,1.5001105440432183,1.0845897483453386,1.2997971166681692,1.2417686932894159,1.9228594626391282
1,22.700000000000003,1.8556418452723384,1.4999463167100506,1.1216942346071728,1.2997971166681692,1.2417686932894159,1.9228594626391282
1,22.8,1.847671373212135,1.499102772285129,1.1709632692819611,1.2997971166681692,1.2417686932894159,1.9228594626391282
1,22.900000000000002,1.8375821641776184,1.4970117308571933,1.219804984819494,1.2997971166681692,1.2417686932894159,1.9228594626391282
1,23.0,1.8253994359370167,1.4936784189408205,1.2680973023672015,1.2997971166681692,1.2417686932894159,1.9228594626391282
1,23.1,1.8111536389662888,1.4891111680798461,1.3157195162813669,1.2997971166681692,1.2417686932894159,1.9228594626391282
1,23.200000000000003,1.794880380338794,1.4833213940228445,1.3625525958283744,1.2997971166681692,1.2417686932894159,1.9228594626391282
1,23.3,1.776620334726152,1.4763235681897018,1.408479482699553,1.2997971166681692,1.2417686932894159,1.9228594626391282
1,23.400000000000002,1.7564191427327462,1.4681351815006036,1.4533853835959847,1.2997971166681692,1.2417686932894159,1.9228594626391282
1,23.5,1.734327296817983,1.4587767006578436,1.49715805715197,1.2997971166681692,1.2417686932894159,1.9228594626391282
1,23.6,1.710400015091438,1.448271516989726,1.5396880944799862,1.2997971166681692,1.2417686932894159,1.9228594626391282
1,23.700000000000003,1.6846971032963405,1.4366458879844273,1.5808691926359288,1.2997971166681692,1.2417686932894159,1.9228594626391282
1,23.8,1.6572828053263602,1.4239288716599496,1.6205984203211092,1.2997971166681692,1.2417686932894159,1.9228594626391282
1,23.900000000000002,1.628225642649332,1.4101522539342108,1.6587764751568963,1.2997971166681692,1.2417686932894159,1.9228594626391282
1,24.0,1.5975982430392701,1.395350469176801,1.695307931888947,1.2997971166681692,1.2417686932894159,1.9228594626391282
1,24.1,1.5654771590447591,1.3795605141409935,1.7301014809006465,1.2997971166681692,1.2417686932894159,1.9228594626391282
1,24.200000000000003,1.5319426766474473,1.362821855491128,1.7630701564395952,1.2997971166681692,1.2417686932894159,1.9228594626391282
1,24.3,1.497078614588908,1.3451763311565044,1.7941315539867002,1.2997971166681692,1.2417686932894159,1.9228594626391282
1,24.400000000000002,1.4609721148674342,1.3266680457583475,1.8232080362245568,1.2997971166681692,1.2417686932894159,1.9228594626391282
1,24.5,1.4415696483416716,1.3193329803664198,1.8377212484848673,1.7696841773189507,1.6210175653392804,1.148065697326972
1,24.6,1.4389197110733252,1.3231894688241725,1.8376349152953155,1.7696841773189507,1.6210175653392804,1.148065697326972
1,24.700000000000003,1.453028926525505,1.3382278719188816,1.8229492524439141,1.7696841773189507,1.6210175653392804,1.148065697326972
1,24.8,1.4838620290075184,1.3644106014746593,1.7937009664396464,1.7696841773189507,1.6210175653392804,1.148065697326972
1,24.900000000000002,1.5134857284074863,1.3896824943081232,1.7624688413707519,1.7696841773189507,1.6210175653392804,1.148065697326972
1,25.0,1.5418259809046333,1.4139803838485365,1.7293309412845272,1.7696841773189507,1.6210175653392804,1.148065697326972
1,25.1,1.568811950627035,1.4372435380261446,1.6943700936733028,1.7696841773189507,1.6210175653392804,1.148065697326972
1,25.200000000000003,1.5943761867044062,1.45941381107072,1.6576736824488494,1.7696841773189507,1.6210175653392804,1.148065697326972
1,25.3,1.6130116616944565,1.4756277925818142,1.629505595303148,1.7696841773189507,1.6210175653392804,1.148065697326972
1,25.400000000000002,1.62506602909268,1.4861519339055285,1.6103114811981962,1.7696841773189507,1.6210175653392804,1.148065697326972
1,25.5,1.6309033917361755,1.4912669080252212,1.6005145588369434,1.7696841773189507,1.6210175653392804,1.148065697326972
1,25.6,1.6309033917361755,1.4912669080252212,1.6005145588369434,1.7696841773189507,1.6210175653392804,1.148065697326972
1,25.700000000000003,1.6309033917361755,1.4912669080252212,1.6005145588369434,1.7696841773189507,1.6210175653392804,1.148065697326972
1,25.8,1.6309033917361755,1.4912669080252212,1.6005145588369434,1.7696841773189507,1.6210175653392804,1.148065697326972
1,25.900000000000002,1.6309033917361755,1.4912669080252212,1.6005145588369434,1.7696841773189507,1.6210175653392804,1.148065697326972
1,26.0,1.6309033917361755,1.4912669080252212,1.6005145588369434,1.7696841773189507,1.6210175653392804,1.148065697326972
1,26.1,1.6309033917361755,1.4912669080252212,1.6005145588369434,1.7696841773189507,1.6210175653392804,1.148065697326972
1,26.200000000000003,1.6309033917361755,1.4912669080252212,1.6005145588369434,1.7696841773189507,1.6210175653392804,1.148065697326972
1,26.3,1.6363465219018696,1.4960749042891135,1.5903423930619014,1.7696841773189507,1.6210175653392804,1.148065697326972
1,26.400000000000002,1.6468249447647696,1.5053719014743931,1.5696482432149053,1.7696841773189507,1.6210175653392804,1.148065697326972
1,26.5,1.6619182372469739,1.518827684074079,1.538108590479478,1.7696841773189507,1.6210175653392804,1.148065697326972
1,26.6,1.6811944414999105,1.5361016417835072,1.495427024148136,1.7696841773189507,1.6210175653392804,1.148065697326972
1,26.700000000000003,1.6950275155871528,1.5485676032290434,1.4629176235918355,1.7696841773189507,1.6210175653392804,1.148065697326972
1,26.8,1.7038252969771892,1.5565445637531916,1.4409302071074896,1.7696841773189507,1.6210175653392804,1.148065697326972
1,26.900000000000002,1.7080082087479214,1.560362738862934,1.4297882935115747,1.7696841773189507,1.6210175653392804,1.148065697326972
1,27.0,1.7080082087479214,1.560362738862934,1.4297882935115747,1.7696841773189507,1.6210175653392804,1.148065697326972
1,27.1,1.7080082087479214,1.560362738862934,1.4297882935115747,1.7696841773189507,1.6210175653392804,1.148065697326972
1,27.200000000000003,1.7080082087479214,1.560362738862934,1.4297882935115747,1.7696841773189507,1.6210175653392804,1.148065697326972
1,27.3,1.7080082087479214,1.560362738862934,1.4297882935115747,1.7696841773189507,1.6210175653392804,1.148065697326972
1,27.400000000000002,1.7080082087479214,1.560362738862934,1.4297882935115747,1.7696841773189507,1.6210175653392804,1.148065697326972
1,27.5,1.7080082087479214,1.560362738862934,1.4297882935115747,1.7696841773189507,1.6210175653392804,1.148065697326972
1,27.6,1.7080082087479214,1.560362738862934,1.4297882935115747,1.7696841773189507,1.6210175653392804,1.148065697326972
1,27.700000000000003,1.7117487075690727,1.563830760218705,1.418377818189569,1.7696841773189507,1.6210175653392804,1.148065697326972
1,27.8,1.7187779429627565,1.5704079809289975,1.3953168260653115,1.7696841773189507,1.6210175653392804,1.148065697326972
1,27.900000000000002,1.7286359325516625,1.5797278076134145,1.3603943958830897,1.7696841773189507,1.6210175653392804,1.148065697326972
1,28.0,1.7335450823660086,1.5981239551401318,1.318447235422588,1.6742570420148195,1.7126279090763523,1.193749592254776
1,28.1,1.7265237566619684,1.6224259315233436,1.2867824259443204,1.451059847587707,1.8663057701546308,1.214614366925764
1,28.200000000000003,1.707589505097167,1.6525729944783163,1.265479112981268,1.451059847587707,1.8663057701546308,1.214614366925764
1,28.3,1.6767896534397484,1.6884897920479496,1.2545905437212872,1.451059847587707,1.8663057701546308,1.214614366925764
1,28.400000000000002,1.6415117264587749,1.7233793876082402,1.2491259522993015,1.451059847587707,1.8663057701546308,1.214614366925764
1,28.5,1.6046303542545028,1.7564609114282126,1.2430386757388554,1.451059847587707,1.8663057701546308,1.214614366925764
1,28.6,1.5824758294943106,1.7791809477067666,1.2274240061192199,1.7418684084351383,1.5592681414647187,0.6300670188959707
1,28.700000000000003,1.5751035269522453,1.7914827081855718,1.2023209719824817,1.7418684084351383,1.5592681414647187,0.6300670188959707
1,28.8,1.582531873545241,1.7933354448700645,1.1677923178405751,1.7418684084351383,1.5592681414647187,0.6300670188959707
1,28.900000000000002,1.6047423022754228,1.7847345268834198,1.1239243473466793,1.7418684084351383,1.5592681414647187,0.6300670188959707
1,29.0,1.6254411901936192,1.774172181261408,1.0797466305229693,1.7418684084351383,1.5592681414647187,0.6300670188959707
1,29.1,1.6445768008598067,1.7616748083673206,1.0353695886541943,1.7418684084351383,1.5592681414647187,0.6300670188959707
1,29.200000000000003,1.6583386774890485,1.7515773404345882,1.0020189192308724,1.7418684084351383,1.5592681414647187,0.6300670188959707
1,29.3,1.667111893901636,1.7443677487010458,0.9797583756377721,1.7418684084351383,1.5592681414647187,0.6300670188959707
1,29.400000000000002,1.6712939929703592,1.740526786218007,0.9686239917207118,1.7418684084351383,1.5592681414647187,0.6300670188959707
1,29.5,1.6712939929703592,1.740526786218007,0.9686239917207118,1.7418684084351383,1.5592681414647187,0.6300670188959707
1,29.6,1.6712939929703592,1.740526786218007,0.9686239917207118,1.7418684084351383,1.5592681414647187,0.6300670188959707
1,29.700000000000003,1.6712939929703592,1.740526786218007,0.9686239917207118,1.7418684084351383,1.5592681414647187,0.6300670188959707
1,29.8,1.6712939929703592,1.740526786218007,0.9686239917207118,1.7418684084351383,1.5592681414647187,0.6300670188959707
1,29.900000000000002,1.6712939929703592,1.740526786218007,0.9686239917207118,1.7418684084351383,1.5592681414647187,0.6300670188959707
1,30.0,1.6712939929703592,1.740526786218007,0.9686239917207118,1.7418684084351383,1.5592681414647187,0.6300670188959707
1,30.1,1.6712939929703592,1.740526786218007,0.9686239917207118,1.7418684084351383,1.5592681414647187,0.6300670188959707
1,30.200000000000003,1.6712939929703592,1.740526786218007,0.9686239917207118,1.7418684084351383,1.5592681414647187,0.6300670188959707
1,30.3,1.6712939929703592,1.740526786218007,0.9686239917207118,1.7418684084351383,1.5592681414647187,0.6300670188959707
1,30.400000000000002,1.6712939929703592,1.740526786218007,0.9686239917207118,1.7418684084351383,1.5592681414647187,0.6300670188959707
1,30.5,1.6712939929703592,1.740526786218007,0.9686239917207118,1.7418684084351383,1.5592681414647187,0.6300670188959707
1,30.6,1.6712939929703592,1.740526786218007,0.9686239917207118,1.7418684084351383,1.5592681414647187,0.6300670188959707
1,30.700000000000003,1.675056620694264,1.7362230909083054,0.9575092137237486,1.7418684084351383,1.5592681414647187,0.6300670188959707
1,30.8,1.6821530001874847,1.727163724459193,0.9353270448064477,1.7418684084351383,1.5592681414647187,0.6300670188959707
1,30.900000000000002,1.6921459228521927,1.7129085977421035,0.902152534758949,1.7418684084351383,1.5592681414647187,0.6300670188959707
1,31.0,1.704590940241122,1.69303060832324,0.8580882084995176,1.7418684084351383,1.5592681414647187,0.6300670188959707
1,31.1,1.7152748472233164,1.671420403306932,0.8143785878126053,1.7418684084351383,1.5592681414647187,0.6300670188959707
1,31.200000000000003,1.7244992807730721,1.6567191195648667,0.7939046794258261,1.1932101302604603,1.2100484329244785,1.9584098817263451
1,31.3,1.732241184610507,1.6489635026501182,0.7967176574475415,1.1932101302604603,1.2100484329244785,1.9584098817263451
1,31.400000000000002,1.7384812080079328,1.6481729375659269,0.822810490897668,1.1932101302604603,1.2100484329244785,1.9584098817263451
1,31.5,1.7432037541565975,1.6543494003132846,0.8721179612814651,1.1932101302604603,1.2100484329244785,1.9584098817263451
1,31.6,1.746052021968385,1.6583726129258105,0.9092571102854671,1.1932101302604603,1.2100484329244785,1.9584098817263451
1,31.700000000000003,1.7474862763210062,1.660645918978997,0.934101714011172,1.1932101302604603,1.2100484329244785,1.9584098817263451
1,31.8,1.7479703163894154,1.6615770359034001,0.9465562785203986,1.1932101302604603,1.2100484329244785,1.9584098817263451
1,31.900000000000002,1.7479703163894154,1.6615770359034001,0.9465562785203986,1.1932101302604603,1.2100484329244785,1.9584098817263451
1,32.0,1.7479703163894154,1.6615770359034001,0.9465562785203986,1.1932101302604603,1.2100484329244785,1.9584098817263451
1,32.1,1.7479703163894154,1.6615770359034001,0.9465562785203986,1.1932101302604603,1.2100484329244785,1.9584098817263451
1,32.2,1.7479703163894154,1.6615770359034001,0.9465562785203986,1.1932101302604603,1.2100484329244785,1.9584098817263451
1,32.300000000000004,1.7479703163894154,1.6615770359034001,0.9465562785203986,1.1932101302604603,1.2100484329244785,1.9584098817263451
1,32.4,1.7479703163894154,1.6615770359034001,0.9465562785203986,1.1932101302604603,1.2100484329244785,1.9584098817263451
1,32.5,1.7479703163894154,1.6615770359034001,0.9465562785203986,1.1932101302604603,1.2100484329244785,1.9584098817263451
1,32.6,1.7479703163894154,1.6615770359034001,0.9465562785203986,1.1932101302604603,1.2100484329244785,1.9584098817263451
1,32.7,1.7479703163894154,1.6615770359034001,0.9465562785203986,1.1932101302604603,1.2100484329244785,1.9584098817263451
1,32.800000000000004,1.7479703163894154,1.6615770359034001,0.9465562785203986,1.1932101302604603,1.2100484329244785,1.9584098817263451
1,32.9,1.7479869723939339,1.6620947533160284,0.9590442383973118,1.1932101302604603,1.2100484329244785,1.9584098817263451
1,33.0,1.7480036283984521,1.662612470728657,0.971532198274225,1.1932101302604603,1.2100484329244785,1.9584098817263451
1,33.1,1.7480202844029706,1.6631301881412854,0.9840201581511382,1.1932101302604603,1.2100484329244785,1.9584098817263451
1,33.2,1.7480369404074891,1.663647905553914,0.9965081180280514,1.1932101302604603,1.2100484329244785,1.9584098817263451
1,33.300000000000004,1.7480369404074891,1.663647905553914,0.9965081180280514,1.1932101302604603,1.2100484329244785,1.9584098817263451
1,33.4,1.7480369404074891,1.663647905553914,0.9965081180280514,1.1932101302604603,1.2100484329244785,1.9584098817263451
1,33.5,1.7480369404074891,1.663647905553914,0.9965081180280514,1.1932101302604603,1.2100484329244785,1.9584098817263451
1,33.6,1.7480369404074891,1.663647905553914,0.9965081180280514,1.1932101302604603,1.2100484329244785,1.9584098817263451
1,33.7,1.7480369404074891,1.663647905553914,0.9965081180280514,1.1932101302604603,1.2100484329244785,1.9584098817263451
1,33.800000000000004,1.7480369404074891,1.663647905553914,0.9965081180280514,1.1932101302604603,1.2100484329244785,1.9584098817263451
1,33.9,1.7480369404074891,1.663647905553914,0.9965081180280514,1.1932101302604603,1.2100484329244785,1.9584098817263451
1,34.0,1.7480369404074891,1.663647905553914,0.9965081180280514,1.1932101302604603,1.2100484329244785,1.9584098817263451
1,34.1,1.7480369404074891,1.663647905553914,0.9965081180280514,1.1932101302604603,1.2100484329244785,1.9584098817263451
1,34.2,1.7480369404074891,1.663647905553914,0.9965081180280514,1.1932101302604603,1.2100484329244785,1.9584098817263451
1,34.300000000000004,1.7480369404074891,1.663647905553914,0.9965081180280514,1.1932101302604603,1.2100484329244785,1.9584098817263451
1,34.4,1.7480369404074891,1.663647905553914,0.9965081180280514,1.1932101302604603,1.2100484329244785,1.9584098817263451
1,34.5,1.7480369404074891,1.663647905553914,0.9965081180280514,1.1932101302604603,1.2100484329244785,1.9584098817263451
1,34.6,1.7480369404074891,1.663647905553914,0.9965081180280514,1.1932101302604603,1.2100484329244785,1.9584098817263451
1,34.7,1.7480369404074891,1.663647905553914,0.9965081180280514,1.1932101302604603,1.2100484329244785,1.9584098817263451
1,34.800000000000004,1.7480369404074891,1.663647905553914,0.9965081180280514,1.1932101302604603,1.2100484329244785,1.9584098817263451
1,34.9,1.7480369404074891,1.663647905553914,0.9965081180280514,1.1932101302604603,1.2100484329244785,1.9584098817263451
1,35.0,1.7480369404074891,1.663647905553914,0.9965081180280514,1.1932101302604603,1.2100484329244785,1.9584098817263451
1,35.1,1.7480369404074891,1.663647905553914,0.9965081180280514,1.1932101302604603,1.2100484329244785,1.9584098817263451
1,35.2,1.7480369404074891,1.663647905553914,0.9965081180280514,1.1932101302604603,1.2100484329244785,1.9584098817263451
1,35.300000000000004,1.7480369404074891,1.663647905553914,0.9965081180280514,1.1932101302604603,1.2100484329244785,1.9584098817263451
1,35.4,1.7480369404074891,1.663647905553914,0.9965081180280514,1.1932101302604603,1.2100484329244785,1.9584098817263451
1,35.5,1.7480369404074891,1.663647905553914,0.9965081180280514,1.1932101302604603,1.2100484329244785,1.9584098817263451
1,35.6,1.7480369404074891,1.663647905553914,0.9965081180280514,1.1932101302604603,1.2100484329244785,1.9584098817263451
1,35.7,1.7480369404074891,1.663647905553914,0.9965081180280514,1.1932101302604603,1.2100484329244785,1.9584098817263451
1,35.800000000000004,1.7475861707167797,1.6637509294308583,1.0089982598765628,1.1932101302604603,1.2100484329244785,1.9584098817263451
1,35.9,1.7471354010260702,1.6638539533078025,1.0214884017250743,1.1932101302604603,1.2100484329244785,1.9584098817263451
1,36.0,1.746684631335361,1.6639569771847469,1.0339785435735855,1.1932101302604603,1.2100484329244785,1.9584098817263451
1,36.1,1.7462338616446518,1.6640600010616913,1.046468685422097,1.1932101302604603,1.2100484329244785,1.9584098817263451
1,36.2,1.7462338616446518,1.6640600010616913,1.046468685422097,1.1932101302604603,1.2100484329244785,1.9584098817263451
1,36.300000000000004,1.7462338616446518,1.6640600010616913,1.046468685422097,1.1932101302604603,1.2100484329244785,1.9584098817263451
1,36.4,1.7462338616446518,1.6640600010616913,1.046468685422097,1.1932101302604603,1.2100484329244785,1.9584098817263451
1,36.5,1.7462338616446518,1.6640600010616913,1.046468685422097,1.1932101302604603,1.2100484329244785,1.9584098817263451
1,36.6,1.7462338616446518,1.6640600010616913,1.046468685422097,1.1932101302604603,1.2100484329244785,1.9584098817263451
1,36.7,1.7462338616446518,1.6640600010616913,1.046468685422097,1.1932101302604603,1.2100484329244785,1.9584098817263451
1,36.800000000000004,1.7462338616446518,1.6640600010616913,1.046468685422097,1.1932101302604603,1.2100484329244785,1.9584098817263451
1,36.9,1.745316792948185,1.6637480738969126,1.0589297903923256,1.1932101302604603,1.2100484329244785,1.9584098817263451
1,37.0,1.7430186487436354,1.6627100481810964,1.083791817181692,1.1932101302604603,1.2100484329244785,1.9584098817263451
1,37.1,1.7388788741889067,1.6605335673962154,1.1209635867928336,1.1932101302604603,1.2100484329244785,1.9584098817263451
1,37.2,1.7324415175586751,1.6568091205690203,1.1703231522821225,1.1932101302604603,1.2100484329244785,1.9584098817263451
1,37.300000000000004,1.7241734385827157,1.6514429929999803,1.219256998593289,1.1932101302604603,1.2100484329244785,1.9584098817263451
1,37.4,1.717286435114839,1.6468029639819781,1.2557899230853178,1.1932101302604603,1.2100484329244785,1.9584098817263451
1,37.5,1.7122410619971415,1.6433013900330402,1.2800131047555716,1.1932101302604603,1.2100484329244785,1.9584098817263451
1,37.6,1.7094932709549466,1.6413477821264169,1.2920484905476777,1.1932101302604603,1.2100484329244785,1.9584098817263451
1,37.7,1.7094932709549466,1.6413477821264169,1.2920484905476777,1.1932101302604603,1.2100484329244785,1.9584098817263451
1,37.800000000000004,1.7094932709549466,1.6413477821264169,1.2920484905476777,1.1932101302604603,1.2100484329244785,1.9584098817263451
1,37.9,1.7094932709549466,1.6413477821264169,1.2920484905476777,1.1932101302604603,1.2100484329244785,1.9584098817263451
1,38.0,1.7094932709549466,1.6413477821264169,1.2920484905476777,1.1932101302604603,1.2100484329244785,1.9584098817263451
1,38.1,1.7094932709549466,1.6413477821264169,1.2920484905476777,1.1932101302604603,1.2100484329244785,1.9584098817263451
1,38.2,1.7094932709549466,1.6413477821264169,1.2920484905476777,1.1932101302604603,1.2100484329244785,1.9584098817263451
1,38.300000000000004,1.7094932709549466,1.6413477821264169,1.2920484905476777,1.1932101302604603,1.2100484329244785,1.9584098817263451
1,38.400000000000006,1.7094932709549466,1.6413477821264169,1.2920484905476777,1.1932101302604603,1.2100484329244785,1.9584098817263451
1,38.5,1.7063021389926432,1.6389934153578314,1.3039013840571698,1.1932101302604603,1.2100484329244785,1.9584098817263451
1,38.6,1.7031110070303397,1.636639048589246,1.3157542775666622,1.1932101302604603,1.2100484329244785,1.9584098817263451
1,38.7,1.699919875068036,1.6342846818206604,1.3276071710761546,1.1932101302604603,1.2100484329244785,1.9584098817263451
1,38.800000000000004,1.6967287431057325,1.631930315052075,1.339460064585647,1.1932101302604603,1.2100484329244785,1.9584098817263451
1,38.900000000000006,1.6967287431057325,1.631930315052075,1.339460064585647,1.1932101302604603,1.2100484329244785,1.9584098817263451
1,39.0,1.6967287431057325,1.631930315052075,1.339460064585647,1.1932101302604603,1.2100484329244785,1.9584098817263451
1,39.1,1.6967287431057325,1.631930315052075,1.339460064585647,1.1932101302604603,1.2100484329244785,1.9584098817263451
1,39.2,1.6967287431057325,1.631930315052075,1.339460064585647,1.1932101302604603,1.2100484329244785,1.9584098817263451
1,39.300000000000004,1.6967287431057325,1.631930315052075,1.339460064585647,1.1932101302604603,1.2100484329244785,1.9584098817263451
1,39.400000000000006,1.6967287431057325,1.631930315052075,1.339460064585647,1.1932101302604603,1.2100484329244785,1.9584098817263451
1,39.5,1.6967287431057325,1.631930315052075,1.339460064585647,1.1932101302604603,1.2100484329244785,1.9584098817263451
1,39.6,1.6931022463913166,1.6291810741123185,1.351100839751619,1.1932101302604603,1.2100484329244785,1.9584098817263451
1,39.7,1.6854229525635158,1.6232945897322069,1.3741411758645272,1.1932101302604603,1.2100484329244785,1.9584098817263451
1,39.800000000000004,1.673274691105488,1.6138907008858978,1.4083113657397441,1.1932101302604603,1.2100484329244785,1.9584098817263451
1,39.900000000000006,1.656252461592074,1.600598038226885,1.4533138833545525,1.1932101302604603,1.2100484329244785,1.9584098817263451
1,40.0,1.637589942694355,1.5858041932577167,1.4971833523422813,1.1932101302604603,1.2100484329244785,1.9584098817263451
1,40.1,1.6173337809903234,1.5695461428863304,1.5398101218772386,1.1932101302604603,1.2100484329244785,1.9584098817263451
1,40.2,1.595534606335034,1.5518645237716258,1.58108764723518,1.1932101302604603,1.2100484329244785,1.9584098817263451
1,40.300000000000004,1.5722469053123342,1.53280353075298,1.6209127560996301,1.1932101302604603,1.2100484329244785,1.9584098817263451
1,40.400000000000006,1.5475288850467812,1.5124108063861665,1.6591859064389434,1.1932101302604603,1.2100484329244785,1.9584098817263451
1,40.5,1.5214423277161422,1.490737321861777,1.695811435309543,1.1932101302604603,1.2100484329244785,1.9584098817263451
1,40.6,1.4940524361281273,1.46783724960379,1.730697797963459,1.1932101302604603,1.2100484329244785,1.9584098817263451
1,40.7,1.4654276707473273,1.4437678278667228,1.7637577966625235,1.1932101302604603,1.2100484329244785,1.9584098817263451
1,40.800000000000004,1.4356395785797038,1.418589217669806,1.794908798627303,1.1932101302604603,1.2100484329244785,1.9584098817263451
1,40.900000000000006,1.4047626143423382,1.392364352425765,1.8240729425760138,1.1932101302604603,1.2100484329244785,1.9584098817263451
1,41.0,1.372873954365411,1.3651587806400642,1.8511773333371766,1.1932101302604603,1.2100484329244785,1.9584098817263451
1,41.1,1.3400533036915718,1.3370405020737801,1.8761542240495825,1.1932101302604603,1.2100484329244785,1.9584098817263451
1,41.2,1.3209892219687278,1.3252600022254262,1.8887552440974533,1.5114428747382065,1.6862419458158615,1.517202259935491
1,41.300000000000004,1.3157293594728041,1.3298467262094573,1.8889488974931536,1.5114428747382065,1.6862419458158615,1.517202259935491
1,41.400000000000006,1.3242868631207572,1.3507892096046334,1.8767347002040466,1.5114428747382065,1.6862419458158615,1.517202259935491
1,41.5,1.346640343610129,1.3880351071091013,1.852143181362325,1.5114428747382065,1.6862419458158615,1.517202259935491
1,41.6,1.3681274037672766,1.4243111189305733,1.8254217483547872,1.5114428747382065,1.6862419458158615,1.517202259935491
1,41.7,1.3886943371320517,1.459526573931678,1.796637190847699,1.5114428747382065,1.6862419458158615,1.517202259935491
1,41.800000000000004,1.4082897370820944,1.493593451814767,1.7658614552441205,1.5114428747382065,1.6862419458158615,1.517202259935491
1,41.900000000000006,1.4268646253226163,1.5264266031268194,1.733171464855367,1.5114428747382065,1.6862419458158615,1.517202259935491
1,42.0,1.4443725743066311,1.5579439620887299,1.698648927632793,1.5114428747382065,1.6862419458158615,1.517202259935491
1,42.1,1.4607698232796424,1.588066751717017,1.6623801319404647,1.5114428747382065,1.6862419458158615,1.517202259935491
1,42.2,1.483323840812666,1.6044036819146243,1.6314543751071442,1.8468610706749797,1.3330618331252886,1.4146035965720138
1,42.300000000000004,1.5119782536077744,1.606913918864167,1.6059489554190918,1.8468610706749797,1.3330618331252886,1.4146035965720138
1,42.400000000000006,1.54666144055591,1.5955911882805767,1.5859276231425619,1.8468610706749797,1.3330618331252886,1.4146035965720138
1,42.5,1.5872867117523566,1.5704637910935488,1.5714404211813378,1.8468610706749797,1.3330618331252886,1.4146035965720138
1,42.6,1.6264440720224291,1.543910531520586,1.5555249157675783,1.8468610706749797,1.3330618331252886,1.4146035965720138
1,42.7,1.6640356483582117,1.515997778881951,1.5382208873761836,1.8468610706749797,1.3330618331252886,1.4146035965720138
1,42.800000000000004,1.6999674813961794,1.4867953005225596,1.519571587066368,1.8468610706749797,1.3330618331252886,1.4146035965720138
1,42.900000000000006,1.734149760266674,1.4563760874299532,1.499623628376538,1.8468610706749797,1.3330618331252886,1.4146035965720138
1,43.0,1.7543265792742686,1.4291346505830786,1.4950133034473025,1.3571197512637418,1.1101295641412876,1.9275435096853264
1,43.1,1.7604475068793288,1.405139079386987,1.5057521356899737,1.3571197512637418,1.1101295641412876,1.9275435096853264
1,43.2,1.7524972439505593,1.3844493502730164,1.5318132836166205,1.3571197512637418,1.1101295641412876,1.9275435096853264
1,43.300000000000004,1.7304956620048653,1.3671171767889492,1.5731316079298099,1.3571197512637418,1.1101295641412876,1.9275435096853264
1,43.400000000000006,1.7066682213389455,1.3488674015538393,1.6130174017043462,1.3571197512637418,1.1101295641412876,1.9275435096853264
1,43.5,1.6810744781453735,1.3297456395014755,1.6513709712279128,1.3571197512637418,1.1101295641412876,1.9275435096853264
1,43.6,1.6537784034531695,1.3097996850785671,1.6880964525508537,1.3571197512637418,1.1101295641412876,1.9275435096853264
1,43.7,1.6248482232335433,1.2890793927835196,1.7231020510961228,1.3571197512637418,1.1101295641412876,1.9275435096853264
1,43.800000000000004,1.5943562478704973,1.2676365525561506,1.7563002710979196,1.3571197512637418,1.1101295641412876,1.9275435096853264
1,43.900000000000006,1.5623786914225253,1.2455247603298134,1.787608134295539,1.3571197512637418,1.1101295641412876,1.9275435096853264
1,44.0,1.5289954811271576,1.222799284069475,1.8169473873358069,1.3571197512637418,1.1101295641412876,1.9275435096853264
1,44.1,1.4942900576244929,1.199516925630587,1.8442446973657094,1.3571197512637418,1.1101295641412876,1.9275435096853264
1,44.2,1.4780059325672217,1.185540869218917,1.8577970769729784,1.849173746078443,1.310334582005667,1.427312995569374
1,44.300000000000004,1.4801838077873788,1.1809060476969049,1.8575706522665378,1.849173746078443,1.310334582005667,1.427312995569374
1,44.400000000000006,1.5008182397311294,1.1856240457045868,1.8435659891902343,1.849173746078443,1.310334582005667,1.427312995569374
1,44.5,1.5398576530648185,1.1996830707040298,1.8158180921082714,1.849173746078443,1.310334582005667,1.427312995569374
1,44.6,1.577547703418276,1.2132429920196457,1.7860310746658867,1.849173746078443,1.310334582005667,1.427312995569374
1,44.7,1.6137941852942177,1.2262699169100157,1.7542793888939074,1.849173746078443,1.310334582005667,1.427312995569374
1,44.800000000000004,1.6485065013647557,1.2387312848472056,1.7206423974708056,1.849173746078443,1.310334582005667,1.427312995569374
1,44.900000000000006,1.6815978889175391,1.2505959489011271,1.6852041753573324,1.849173746078443,1.310334582005667,1.427312995569374
1,45.0,1.7129856367173475,1.2618342535906433,1.6480532996529018,1.849173746078443,1.310334582005667,1.427312995569374
1,45.1,1.7425912917411037,1.2724181090068258,1.6092826281989732,1.849173746078443,1.310334582005667,1.427312995569374
1,45.2,1.7563244727937448,1.28690612567064,1.586617742856044,1.0090403714712533,1.6110830850271696,1.7915148355383737
1,45.300000000000004,1.7541508540747415,1.3052620910856392,1.5801152940338272,1.0090403714712533,1.6110830850271696,1.7915148355383737
1,45.400000000000006,1.7360758684988924,1.3274401248978878,1.5897915344679685,1.0090403714712533,1.6110830850271696,1.7915148355383737
1,45.5,1.702144694116867,1.3533847935729522,1.6156222785966712,1.0090403714712533,1.6110830850271696,1.7915148355383737
1,45.6,1.6664585236694371,1.3784461843033269,1.6399142876387671,1.0090403714712533,1.6110830850271696,1.7915148355383737
1,45.7,1.6291065539977232,1.4025616566639063,1.6626068442226847,1.0090403714712533,1.6110830850271696,1.7915148355383737
1,45.800000000000004,1.590182145573375,1.4256709345328837,1.6836432287750194,1.0090403714712533,1.6110830850271696,1.7915148355383737
1,45.900000000000006,1.5497825891460129,1.4477162567506663,1.7029708612899273,1.0090403714712533,1.6110830850271696,1.7915148355383737
1,46.0,1.5080088625670232,1.468642521492691,1.7205414327517579,1.0090403714712533,1.6110830850271696,1.7915148355383737
1,46.1,1.4649653783975172,1.4883974239952915,1.7363110258824332,1.0090403714712533,1.6110830850271696,1.7915148355383737
1,46.2,1.4207597229313054,1.506931587290365,1.750240224911772,1.0090403714712533,1.6110830850271696,1.7915148355383737
1,46.300000000000004,1.3755023872851933,1.52419868562208,1.7622942140963873,1.0090403714712533,1.6110830850271696,1.7915148355383737
1,46.400000000000006,1.329306491228731,1.5401555602371375,1.772442864740914,1.0090403714712533,1.6110830850271696,1.7915148355383737
1,46.5,1.2822875004437022,1.5547623272591802,1.7806608105040558,1.0090403714712533,1.6110830850271696,1.7915148355383737
1,46.6,1.2345629379200525,1.5679824773777098,1.7869275108012281,1.0090403714712533,1.6110830850271696,1.7915148355383737
1,46.7,1.186252090209619,1.579782967102351,1.7912273021453229,1.0090403714712533,1.6110830850271696,1.7915148355383737
1,46.800000000000004,1.15684454108905,1.5792114228256393,1.7989762930501492,1.3966814203181297,0.08744664835021876,0.9005503586374388
1,46.900000000000006,1.146413794115991,1.5662692731106118,1.8101551150740418,1.3966814203181297,0.08744664835021876,0.9005503586374388
1,47.0,1.154985920725647,1.5409888665914144,1.8247358269837588,1.3966814203181297,0.08744664835021876,0.9005503586374388
1,47.1,1.1825394950657708,1.5034333911185644,1.8426819845930136,1.3966814203181297,0.08744664835021876,0.9005503586374388
1,47.2,1.2096368157329616,1.4646195943509595,1.8585218761010802,1.3966814203181297,0.08744664835021876,0.9005503586374388
1,47.300000000000004,1.236210153537563,1.4246444905666846,1.8722159100284435,1.3966814203181297,0.08744664835021876,0.9005503586374388
1,47.400000000000006,1.2621930889741904,1.3836079967065684,1.883729858422001,1.3966814203181297,0.08744664835021876,0.9005503586374388
1,47.5,1.2875206782359034,1.3416126826338686,1.8930349424071164,1.3966814203181297,0.08744664835021876,0.9005503586374388
1,47.6,1.3121296155399014,1.29876351476303,1.9001079041198219,1.3966814203181297,0.08744664835021876,0.9005503586374388
1,47.7,1.335958391359011,1.2551675936983147,1.904931064839362,1.3966814203181297,0.08744664835021876,0.9005503586374388
1,47.800000000000004,1.358947446163471,1.2109338865380674,1.9074923691757921,1.3966814203181297,0.08744664835021876,0.9005503586374388
1,47.900000000000006,1.3810393192887385,1.1661729545137194,1.9077854152021723,1.3966814203181297,0.08744664835021876,0.9005503586374388
1,48.0,1.4021787925572256,1.120996676644289,1.9058094704560522,1.3966814203181297,0.08744664835021876,0.9005503586374388
1,48.1,1.4223130282949858,1.0755179700970987,1.901569473770245,1.3966814203181297,0.08744664835021876,0.9005503586374388
1,48.2,1.4413917013983821,1.0298505079536644,1.8950760229283174,1.3966814203181297,0.08744664835021876,0.9005503586374388
1,48.300000000000004,1.4593671251206368,0.9841084350861898,1.8863453481756507,1.3966814203181297,0.08744664835021876,0.9005503586374388
1,48.400000000000006,1.476194370263864,0.9384060828548328,1.875399271652279,1.3966814203181297,0.08744664835021876,0.9005503586374388
1,48.5,1.4918313774786656,0.8928576833388467,1.862265152848904,1.3966814203181297,0.08744664835021876,0.9005503586374388
1,48.6,1.5062390623906001,0.8475770838158738,1.8469758202224176,1.3966814203181297,0.08744664835021876,0.9005503586374388
1,48.7,1.5193814132907657,0.8026774622030408,1.8295694891418552,1.3966814203181297,0.08744664835021876,0.9005503586374388
1,48.800000000000004,1.5312255811463151,0.7582710441711091,1.8100896663698767,1.3966814203181297,0.08744664835021876,0.9005503586374388
1,48.900000000000006,1.5417419617059336,0.7144688226387431,1.788585041318516,1.3966814203181297,0.08744664835021876,0.9005503586374388
1,49.0,1.5509042694950468,0.6713802803480177,1.7651093643510094,1.3966814203181297,0.08744664835021876,0.9005503586374388
1,49.1,1.5586896035158195,0.6291131162145805,1.7397213124338795,1.3966814203181297,0.08744664835021876,0.9005503586374388
1,49.2,1.5650785044877238,0.5877729761364519,1.7124843424750775,1.3966814203181297,0.08744664835021876,0.9005503586374388
1,49.300000000000004,1.570055003485605,0.547463188934298,1.6834665327147602,1.3966814203181297,0.08744664835021876,0.9005503586374388
1,49.400000000000006,1.5736066618536788,0.5082845080831933,1.6527404125651455,1.3966814203181297,0.08744664835021876,0.9005503586374388
1,49.5,1.575724602295693,0.47033485988140256,1.6203827813247533,1.3966814203181297,0.08744664835021876,0.9005503586374388
1,49.6,1.5764035310635451,0.4337090986856358,1.586474516220156,1.3966814203181297,0.08744664835021876,0.9005503586374388
1,49.7,1.575641751188894,0.3984987698245547,1.551100370255032,1.3966814203181297,0.08744664835021876,0.9005503586374388
1,49.800000000000004,1.5734411667246997,0.3647918807831272,1.5143487603717953,1.3966814203181297,0.08744664835021876,0.9005503586374388
1,49.900000000000006,1.5722202105979797,0.3480532546668974,1.4958465957476637,1.3966814203181297,0.08744664835021876,0.9005503586374388
2,0.0,0.48658248003837423,1.8575572636276187,0.9806836858213709,0.4107518548005209,1.796314869591233,0.8633645293239294
2,0.1,0.4922248353165052,1.8599663316605115,0.9620779338832762,0.6065708185040954,1.8998876973095915,0.811809640580863
2,0.2,0.5029424734653881,1.864554365707919,0.943696771204359,0.6065708185040954,1.8998876973095915,0.811809640580863
2,0.30000000000000004,0.511884516636507,1.8689379680995597,0.9282637703562068,0.734535363765473,1.6082149050855366,1.748066277906351
2,0.4,0.5279938167577927,1.8783139919945637,0.934956179422084,0.734535363765473,1.6082149050855366,1.748066277906351
2,0.5,0.5372641895200541,1.8839704010251268,0.9632484895471166,0.734535363765473,1.6082149050855366,1.748066277906351
2,0.6000000000000001,0.5396724638193022,1.885893057114473,1.0130699846903424,0.734535363765473,1.6082149050855366,1.748066277906351
2,0.7000000000000001,0.5432313172250556,1.8856014419252185,1.062858811678559,0.734535363765473,1.6082149050855366,1.748066277906351
2,0.8,0.5479318544572149,1.8830962843434658,1.1124905243738152,0.734535363765473,1.6082149050855366,1.748066277906351
2,0.9,0.5537623266206921,1.878383845958509,1.1618410693420695,0.734535363765473,1.6082149050855366,1.748066277906351
2,1.0,0.5607081605715298,1.8714759054121197,1.2107870959221683,0.734535363765473,1.6082149050855366,1.748066277906351
2,1.1,0.5687519953421714,1.8623897289580782,1.2592062645382591,0.734535363765473,1.6082149050855366,1.748066277906351
2,1.2000000000000002,0.5778737255348382,1.85114802730553,1.3069775524850173,0.734535363765473,1.6082149050855366,1.748066277906351
2,1.3,0.5880505515745539,1.837778898854042,1.3539815564213817,0.734535363765473,1.6082149050855366,1.748066277906351
2,1.4000000000000001,0.5992570366962078,1.8223157594622348,1.4001007908167238,0.734535363765473,1.6082149050855366,1.748066277906351
2,1.5,0.6114651705232204,1.8047972589255408,1.4452199816034876,0.734535363765473,1.6082149050855366,1.748066277906351
2,1.6,0.6246444390788973,1.7852671843718433,1.489226354302327,0.734535363765473,1.6082149050855366,1.748066277906351
2,1.7000000000000002,0.6387619010554798,1.76377435081646,1.5320099158995704,0.734535363765473,1.6082149050855366,1.748066277906351
2,1.8,0.6537822701502585,1.7403724791500284,1.5734637297724734,0.734535363765473,1.6082149050855366,1.748066277906351
2,1.9000000000000001,0.6696680032629533,1.7151200618642548,1.6134841829750821,0.734535363765473,1.6082149050855366,1.748066277906351
2,2.0,0.6743335495605058,1.700275643513355,1.634237778275956,0.47546391664797716,1.2299340569660067,0.18024867995905436
2,2.1,0.6677672476069421,1.6958763274123825,1.6356726424951067,0.47546391664797716,1.2299340569660067,0.18024867995905436
2,2.2,0.6499855097374816,1.70193310956047,1.6177851892192487,0.47546391664797716,1.2299340569660067,0.18024867995905436
2,2.3000000000000003,0.6210327810362483,1.7184308511565585,1.5806201277659662,0.47546391664797716,1.2299340569660067,0.18024867995905436
2,2.4000000000000004,0.5930272730201119,1.7331328897763103,1.5420038183743858,0.47546391664797716,1.2299340569660067,0.18024867995905436
2,2.5,0.5660389848741263,1.7460024779798493,1.5020327817070016,0.47546391664797716,1.2299340569660067,0.18024867995905436
2,2.6,0.5401353732634276,1.7570074484990188,1.4608069245389683,0.47546391664797716,1.2299340569660067,0.18024867995905436
2,2.7,0.5153811837267024,1.7661202946387988,1.4184292900431947,0.47546391664797716,1.2299340569660067,0.18024867995905436
2,2.8000000000000003,0.49183828884605985,1.7733182390297184,1.375005800236075,0.47546391664797716,1.2299340569660067,0.18024867995905436
2,2.9000000000000004,0.46956553359779885,1.7785832905594172,1.3306449912276102,0.47546391664797716,1.2299340569660067,0.18024867995905436
2,3.0,0.4486185882706134,1.7819022893410565,1.2854577419376594,0.47546391664797716,1.2299340569660067,0.18024867995905436
2,3.1,0.42904980931886316,1.7832669396061842,1.2395569969563822,0.47546391664797716,1.2299340569660067,0.18024867995905436
2,3.2,0.4109081084987045,1.7826738304398326,1.1930574842415866,0.47546391664797716,1.2299340569660067,0.18024867995905436
2,3.3000000000000003,0.39423883061417286,1.780124444306033,1.1460754283585812,0.47546391664797716,1.2299340569660067,0.18024867995905436
2,3.4000000000000004,0.37908364017878726,1.7756251533424248,1.0987282599792918,0.47546391664797716,1.2299340569660067,0.18024867995905436
2,3.5,0.3654804172759656,1.7691872034332319,1.051134322366738,0.47546391664797716,1.2299340569660067,0.18024867995905436
2,3.6,0.3534631628785432,1.7608266861004076,1.0034125755785075,0.47546391664797716,1.2299340569660067,0.18024867995905436
2,3.7,0.3430619138640487,1.750564498283211,0.9556822991285658,0.47546391664797716,1.2299340569660067,0.18024867995905436
2,3.8000000000000003,0.33430266793815266,1.7384262901067404,0.9080627938505904,0.47546391664797716,1.2299340569660067,0.18024867995905436
2,3.9000000000000004,0.3272073186539426,1.7244424007699808,0.860673083708017,0.47546391664797716,1.2299340569660067,0.18024867995905436
2,4.0,0.3217936006894426,1.7086477827136053,0.8136316182961183,0.47546391664797716,1.2299340569660067,0.18024867995905436
2,4.1000000000000005,0.318075045520154,1.6910819142570768,0.7670559767797024,0.47546391664797716,1.2299340569660067,0.18024867995905436
2,4.2,0.3160609475974141,1.671788700923409,0.721062574006435,0.47546391664797716,1.2299340569660067,0.18024867995905436
2,4.3,0.3157563411171076,1.6508163656982249,0.6757663695303484,0.47546391664797716,1.2299340569660067,0.18024867995905436
2,4.4,0.31716198743679946,1.6282173284974064,0.6312805802728254,0.47546391664797716,1.2299340569660067,0.18024867995905436
2,4.5,0.3202743731727369,1.6040480751446045,0.5877163975392585,0.47546391664797716,1.2299340569660067,0.18024867995905436
2,4.6000000000000005,0.3250857189814792,1.5783690161860975,0.5451827090986942,0.47546391664797716,1.2299340569660067,0.18024867995905436
2,4.7,0.3315839990042049,1.5512443358958858,0.5037858270211167,0.47546391664797716,1.2299340569660067,0.18024867995905436
2,4.800000000000001,0.33975297092509615,1.5227418318484351,0.4636292219526408,0.47546391664797716,1.2299340569660067,0.18024867995905436
2,4.9,0.34957221656866877,1.4929327454600467,0.424813264492782,0.47546391664797716,1.2299340569660067,0.18024867995905436
2,5.0,0.36101719293457846,1.4618915839224194,0.3874349743202301,0.47546391664797716,1.2299340569660067,0.18024867995905436
2,5.1000000000000005,0.3740592935423387,1.4296959339734725,0.35158777769417926,0.47546391664797716,1.2299340569660067,0.18024867995905436
2,5.2,0.3886659199326248,1.396426267970909,0.3173612739373355,0.47546391664797716,1.2299340569660067,0.18024867995905436
2,5.300000000000001,0.4048005631464451,1.362165742753227,0.2848410114842723,0.47546391664797716,1.2299340569660067,0.18024867995905436
2,5.4,0.4104057904048032,1.3423267617760681,0.26931536704047665,0.19368716270369413,1.5898211786566274,1.044391278639928
2,5.5,0.40546759155869916,1.3369589121599335,0.27082314663145834,0.19368716270369413,1.5898211786566274,1.044391278639928
2,5.6000000000000005,0.38999830953348413,1.3460756107333416,0.28936058159347666,0.19368716270369413,1.5898211786566274,1.044391278639928
2,5.7,0.37134948747105856,1.3752226418818132,0.3208931802217677,0.19368716270369413,1.5898211786566274,1.044391278639928
2,5.800000000000001,0.3606021014271852,1.4086664461398948,0.3509066277463926,0.19368716270369413,1.5898211786566274,1.044391278639928
2,5.9,0.3567877583335516,1.4458750946965877,0.3800281180840822,0.19368716270369413,1.5898211786566274,1.044391278639928
2,6.0,0.358915712936992,1.486200331978692,0.4088045652858061,0.19368716270369413,1.5898211786566274,1.044391278639928
2,6.1000000000000005,0.35867047307007116,1.5233203845883634,0.4416773992380516,0.19368716270369413,1.5898211786566274,1.044391278639928
2,6.2,0.35604951024549547,1.5567388844454408,0.4782131723220354,0.19368716270369413,1.5898211786566274,1.044391278639928
2,6.300000000000001,0.3510888873688668,1.5860122862078196,0.51792550551893,0.19368716270369413,1.5898211786566274,1.044391278639928
2,6.4,0.3438645731701512,1.6107599337621883,0.5602838256676417,0.19368716270369413,1.5898211786566274,1.044391278639928
2,6.5,0.3344932167665048,1.63067373334877,0.6047243613746573,0.19368716270369413,1.5898211786566274,1.044391278639928
2,6.6000000000000005,0.32313245144276936,1.645527314896742,0.6506636276263114,0.19368716270369413,1.5898211786566274,1.044391278639928
2,6.7,0.30998099672027357,1.6551847435127904,0.6975148369288564,0.19368716270369413,1.5898211786566274,1.044391278639928
2,6.800000000000001,0.29527918340219417,1.6596092731146084,0.744708122918351,0.19368716270369413,1.5898211786566274,1.044391278639928
2,6.9,0.279311319526088,1.6588736383672464,0.7917165212363464,0.19368716270369413,1.5898211786566274,1.044391278639928
2,7.0,0.26241336469538923,1.6531760194104237,0.8380923062643528,0.19368716270369413,1.5898211786566274,1.044391278639928
2,7.1000000000000005,0.2454230748778261,1.6434377361784034,0.8838843848012994,0.19368716270369413,1.5898211786566274,1.044391278639928
2,7.2,0.22791431000954332,1.628971574838003,0.9280782099364394,0.1763520370895515,0.6252582271319791,1.425643791052097
2,7.300000000000001,0.20979694611667188,1.6095727992314124,0.9698184900698519,0.1763520370895515,0.6252582271319791,1.425643791052097
2,7.4,0.19019280143814543,1.5840583276450149,1.0061599752059458,0.1763520370895515,0.6252582271319791,1.425643791052097
2,7.5,0.1699365497433396,1.55353346932767,1.038997039551611,0.1763520370895515,0.6252582271319791,1.425643791052097
2,7.6000000000000005,0.14970221313037724,1.5189012443648782,1.0680513373627636,0.1763520370895515,0.6252582271319791,1.425643791052097
2,7.7,0.13007202260999418,1.4809903671418478,1.0936210986520192,0.1763520370895515,0.6252582271319791,1.425643791052097
2,7.800000000000001,0.11257464771153525,1.441845987631589,1.1188650678979637,0.1763520370895515,0.6252582271319791,1.425643791052097
2,7.9,0.09646802008577093,1.4005245055216728,1.1417349321376904,0.1763520370895515,0.6252582271319791,1.425643791052097
2,8.0,0.08236686318818187,1.3578893823546343,1.1635342625074592,0.1763520370895515,0.6252582271319791,1.425643791052097
2,8.1,0.07055979576911242,1.3143607796688213,1.1849242565886935,0.1763520370895515,0.6252582271319791,1.425643791052097
2,8.200000000000001,0.061075815093568186,1.2700464511971983,1.205852041289894,0.1763520370895515,0.6252582271319791,1.425643791052097
2,8.3,0.053938655898027266,1.2250571472350553,1.2262653030935406,0.1763520370895515,0.6252582271319791,1.425643791052097
2,8.4,0.049166157363517815,1.1795053176123214,1.2461130194761452,0.1763520370895515,0.6252582271319791,1.425643791052097
2,8.5,0.04677024825090692,1.1335048181801188,1.2653455814832422,0.1763520370895515,0.6252582271319791,1.425643791052097
2,8.6,0.04675691708521068,1.0871706262304313,1.2839149177259386,0.1763520370895515,0.6252582271319791,1.425643791052097
2,8.700000000000001,0.04912619718740041,1.040618553112752,1.301774614534351,0.1763520370895515,0.6252582271319791,1.425643791052097
2,8.8,0.05387216659111804,0.9939649547660245,1.3188800319676086,0.1763520370895515,0.6252582271319791,1.425643791052097
2,8.9,0.06098296284450755,0.9473264408893911,1.3351884153904574,0.1763520370895515,0.6252582271319791,1.425643791052097
2,9.0,0.07044081266016633,0.900819583478675,1.3506590023375824,0.1763520370895515,0.6252582271319791,1.425643791052097
2,9.1,0.08222207633910827,0.8545606254570998,1.3652531243985417,0.1763520370895515,0.6252582271319791,1.425643791052097
2,9.200000000000001,0.09629730685769955,0.8086651901285198,1.3789343038686546,0.1763520370895515,0.6252582271319791,1.425643791052097
2,9.3,0.10243128147635527,0.7763786988224353,1.3776987214760912,0.2326341471401261,1.0324684233065498,0.35961304717177045
2,9.4,0.10060866845304106,0.7577818509526318,1.361549465533354,0.2326341471401261,1.0324684233065498,0.35961304717177045
2,9.5,0.09083402337111679,0.7529211289537329,1.33052690076993,0.2326341471401261,1.0324684233065498,0.35961304717177045
2,9.600000000000001,0.07313177775275037,0.7618086820993205,1.2847085674414886,0.2326341471401261,1.0324684233065498,0.35961304717177045
2,9.700000000000001,0.0577462199863632,0.7712915894920194,1.238178610967799,0.2326341471401261,1.0324684233065498,0.35961304717177045
2,9.8,0.044715805953727594,0.7813461488019506,1.1910533320077126,0.2326341471401261,1.0324684233065498,0.35961304717177045
2,9.9,0.034073104903816764,0.7919472288671526,1.1434505192162587,0.2326341471401261,1.0324684233065498,0.35961304717177045
2,10.0,0.0258447180466439,0.803068332508398,1.0954891548343504,0.2326341471401261,1.0324684233065498,0.35961304717177045
2,10.100000000000001,0.020051212064090884,0.8146816627583426,1.0472891172951468,0.2326341471401261,1.0324684233065498,0.35961304717177045
2,10.200000000000001,0.016707067703914502,0.826758192339467,0.9989708815904015,0.2326341471401261,1.0324684233065498,0.35961304717177045
2,10.3,0.01582064358541846,0.8392677362171534,0.9506552181457257,0.2326341471401261,1.0324684233065498,0.35961304717177045
2,10.4,0.01739415530725852,0.8521790270465522,0.9024628909574199,0.2326341471401261,1.0324684233065498,0.35961304717177045
2,10.5,0.021423669909598653,0.86545979332466,0.8545143557453763,0.2326341471401261,1.0324684233065498,0.35961304717177045
2,10.600000000000001,0.028675898731359895,0.8679079713844496,0.8093356039598494,0.2326341471401261,1.0324684233065498,0.35961304717177045
2,10.700000000000001,0.039168949719254886,0.8603196466907086,0.7664472356021542,0.2326341471401261,1.0324684233065498,0.35961304717177045
2,10.8,0.05287525733833287,0.8443220684073061,0.7250191187362631,0.2326341471401261,1.0324684233065498,0.35961304717177045
2,10.9,0.06971314415342056,0.8209630867207733,0.6847086307138703,0.2326341471401261,1.0324684233065498,0.35961304717177045
2,11.0,0.08876734242827555,0.8026004362633669,0.6428201573602171,0.2326341471401261,1.0324684233065498,0.35961304717177045
2,11.100000000000001,0.10979032575130865,0.7897408263145516,0.5997390866011449,0.2326341471401261,1.0324684233065498,0.35961304717177045
2,11.200000000000001,0.13247587767564573,0.7822116751326724,0.5563067947789652,0.2326341471401261,1.0324684233065498,0.35961304717177045
2,11.3,0.1564365568273507,0.7805718502348744,0.5130207446506627,0.2326341471401261,1.0324684233065498,0.35961304717177045
2,11.4,0.18142340638433674,0.7846381971889915,0.47043063867819135,0.2326341471401261,1.0324684233065498,0.35961304717177045
2,11.5,0.20710374018902478,0.7943386431501257,0.4291167118761875,0.2326341471401261,1.0324684233065498,0.35961304717177045
2,11.600000000000001,0.23335556238459165,0.8089869199315733,0.3895429737997187,0.2326341471401261,1.0324684233065498,0.35961304717177045
2,11.700000000000001,0.25997941809950076,0.828045422857066,0.3521667865033862,0.2326341471401261,1.0324684233065498,0.35961304717177045
2,11.8,0.28647483442369204,0.8517357145056708,0.31751008857326923,0.2326341471401261,1.0324684233065498,0.35961304717177045
2,11.9,0.3127646327073801,0.8794324198668579,0.28581471002131,0.2326341471401261,1.0324684233065498,0.35961304717177045
2,12.0,0.32704176291729303,0.8921724564055731,0.2690847768303102,0.2326341471401261,1.0324684233065498,0.35961304717177045
2,12.100000000000001,0.3410000666490519,0.9069377664895621,0.2540652016474807,0.2326341471401261,1.0324684233065498,0.35961304717177045
2,12.200000000000001,0.3437420891150841,0.9038774872759746,0.2520423819075994,0.2326341471401261,1.0324684233065498,0.35961304717177045
2,12.3,0.3464472371047326,0.9008859446341512,0.25007100333104326,0.2326341471401261,1.0324684233065498,0.35961304717177045
2,12.4,0.3461730066857649,0.9144117826351439,0.24875150895459175,0.2326341471401261,1.0324684233065498,0.35961304717177045
2,12.5,0.3317025317986215,0.9263604842766754,0.2610828944036162,0.2326341471401261,1.0324684233065498,0.35961304717177045
2,12.600000000000001,0.3163418718838251,0.9393702657998261,0.27433700614859236,0.5585123078815819,0.2746189904167019,1.5281202596415593
2,12.700000000000001,0.2893880122253597,0.9348869866240256,0.3011137326340523,0.5585123078815819,0.2746189904167019,1.5281202596415593
2,12.8,0.2658982218408218,0.9146330049247801,0.32866861449431384,0.5585123078815819,0.2746189904167019,1.5281202596415593
2,12.9,0.24593123458045452,0.8786589472159461,0.3569328031709874,0.5585123078815819,0.2746189904167019,1.5281202596415593
2,13.0,0.2278490265222145,0.8429881789458734,0.3868043249368114,0.5585123078815819,0.2746189904167019,1.5281202596415593
2,13.100000000000001,0.2116967937692158,0.8077098584582605,0.41820851654415936,0.5585123078815819,0.2746189904167019,1.5281202596415593
2,13.200000000000001,0.1975149084914205,0.772912163181732,0.4510668838689994,0.5585123078815819,0.2746189904167019,1.5281202596415593
2,13.3,0.18533881801623986,0.7386820692321899,0.4852972981053264,0.5585123078815819,0.2746189904167019,1.5281202596415593
2,13.4,0.17519895622867676,0.7051051340178199,0.5208142010444048,0.5585123078815819,0.2746189904167019,1.5281202596415593
2,13.5,0.16712066750246213,0.6722652823901281,0.5575288189257324,0.5585123078815819,0.2746189904167019,1.5281202596415593
2,13.600000000000001,0.16112414335231984,0.6402445968755194,0.5953493843252089,0.5585123078815819,0.2746189904167019,1.5281202596415593
2,13.700000000000001,0.15722437196569616,0.6091231125117298,0.6341813655259056,0.5585123078815819,0.2746189904167019,1.5281202596415593
2,13.8,0.1554311007400958,0.5789786168019131,0.6739277027981257,0.5585123078815819,0.2746189904167019,1.5281202596415593
2,13.9,0.15574881191966505,0.5498864552863938,0.7144890509981807,0.5585123078815819,0.2746189904167019,1.5281202596415593
2,14.0,0.15817671139191591,0.5219193432180559,0.7557640278795126,0.5585123078815819,0.2746189904167019,1.5281202596415593
2,14.100000000000001,0.1627087306725934,0.49514718381208,0.79764946749551,0.5585123078815819,0.2746189904167019,1.5281202596415593
2,14.200000000000001,0.16933354207372575,0.4696368935243097,0.8400406780606486,0.5585123078815819,0.2746189904167019,1.5281202596415593
2,14.3,0.1780345870169453,0.4454522347949623,0.8828317036254312,0.5585123078815819,0.2746189904167019,1.5281202596415593
2,14.4,0.18879011742131047,0.4226536566757344,0.925915588911081,0.5585123078815819,0.2746189904167019,1.5281202596415593
2,14.5,0.2015732500621823,0.4012981437386538,0.9691846466420376,0.5585123078815819,0.2746189904167019,1.5281202596415593
2,14.600000000000001,0.21635203376528556,0.3814390736443274,1.0125307267080634,0.5585123078815819,0.2746189904167019,1.5281202596415593
2,14.700000000000001,0.23308952926800408,0.36312608372558697,1.0558454864831952,0.5585123078815819,0.2746189904167019,1.5281202596415593
2,14.8,0.2517439015483004,0.3464049469200088,1.0990206616258864,0.5585123078815819,0.2746189904167019,1.5281202596415593
2,14.9,0.272268524390483,0.33131745736140705,1.1419483366834764,0.5585123078815819,0.2746189904167019,1.5281202596415593
2,15.0,0.2946120969264633,0.3179013259162655,1.1845212148246222,0.5585123078815819,0.2746189904167019,1.5281202596415593
2,15.100000000000001,0.318718771861209,0.306190085926211,1.2266328860254978,0.5585123078815819,0.2746189904167019,1.5281202596415593
2,15.200000000000001,0.34452829506189686,0.2962130093921225,1.2681780930394349,0.5585123078815819,0.2746189904167019,1.5281202596415593
2,15.3,0.37197615616186497,0.2879950338093744,1.3090529944852243,0.5585123078815819,0.2746189904167019,1.5281202596415593
2,15.4,0.40099374980293323,0.28155669983708465,1.3491554243964887,0.5585123078815819,0.2746189904167019,1.5281202596415593
2,15.5,0.4315085471130694,0.2769140999571642,1.3883851475833922,0.5585123078815819,0.2746189904167019,1.5281202596415593
2,15.600000000000001,0.4459442804235769,0.28243963394812566,1.419850016442477,0.8777167707107554,1.9746116492447898,0.8124394897881096
2,15.700000000000001,0.444264867919164,0.298119490852634,1.4434713851881833,0.8777167707107554,1.9746116492447898,0.8124394897881096
2,15.8,0.4264745072564706,0.3239144791943396,1.4591902127004177,0.8777167707107554,1.9746116492447898,0.8124394897881096
2,15.9,0.3926176650721127,0.35976012493615817,1.4669672100966062,0.8777167707107554,1.9746116492447898,0.8124394897881096
2,16.0,0.3602789624064694,0.397206036935155,1.4735770326593753,0.8777167707107554,1.9746116492447898,0.8124394897881096
2,16.1,0.32953922917453393,0.4361586199127866,1.4790031592746469,0.8777167707107554,1.9746116492447898,0.8124394897881096
2,16.2,0.3114895947873454,0.4706396902793172,1.4933388523994924,0.8777167707107554,1.9746116492447898,0.8124394897881096
2,16.3,0.29798233916526373,0.4896084852215711,1.4956962427834168,0.8777167707107554,1.9746116492447898,0.8124394897881096
2,16.400000000000002,0.28339449208151335,0.504977861121845,1.4903107032952114,0.8777167707107554,1.9746116492447898,0.8124394897881096
2,16.5,0.26778615687105256,0.5176325590351203,1.478202357286668,0.8777167707107554,1.9746116492447898,0.8124394897881096
2,16.6,0.2442462134279053,0.5214587022047603,1.4441224998014972,0.8777167707107554,1.9746116492447898,0.8124394897881096
2,16.7,0.220332709159891,0.528483044984967,1.4089037667662316,0.8777167707107554,1.9746116492447898,0.8124394897881096
2,16.8,0.20111073677602365,0.5278342510708739,1.368411528356474,0.8777167707107554,1.9746116492447898,0.8124394897881096
2,16.900000000000002,0.18599214120633767,0.5197153843321308,1.3218842823376267,0.8777167707107554,1.9746116492447898,0.8124394897881096
2,17.0,0.17004609700282725,0.5179300847689484,1.2751126403397213,0.8777167707107554,1.9746116492447898,0.8124394897881096
2,17.1,0.1534939086767393,0.5225301800642506,1.228806431286058,0.8777167707107554,1.9746116492447898,0.8124394897881096
2,17.2,0.1365549985370672,0.5335108336561503,1.1836940108272052,0.8777167707107554,1.9746116492447898,0.8124394897881096
2,17.3,0.1194513708155358,0.5507996462353538,1.1405232746092007,0.8777167707107554,1.9746116492447898,0.8124394897881096
2,17.400000000000002,0.10273989432892094,0.5735578101182051,1.0998289028513248,0.8777167707107554,1.9746116492447898,0.8124394897881096
2,17.5,0.08662871336404954,0.6015444587369376,1.0623005999097774,0.8777167707107554,1.9746116492447898,0.8124394897881096
2,17.6,0.07825789238721736,0.6158380378223944,1.0270602908628972,0.8777167707107554,1.9746116492447898,0.8124394897881096
2,17.7,0.07770518290619932,0.6162868943573844,0.9923865171058394,0.8777167707107554,1.9746116492447898,0.8124394897881096
2,17.8,0.07824403313374406,0.6145274559447655,0.9776050220725494,0.8777167707107554,1.9746116492447898,0.8124394897881096
2,17.900000000000002,0.07976365441563515,0.6107184357835371,0.9809098323701358,0.8777167707107554,1.9746116492447898,0.8124394897881096
2,18.0,0.08131349682843159,0.6069480698706348,0.9841872758359664,0.8777167707107554,1.9746116492447898,0.8124394897881096
2,18.1,0.08286322184462913,0.6032102416975369,0.9874388235514611,0.8777167707107554,1.9746116492447898,0.8124394897881096
2,18.2,0.09108440487160896,0.5878790045954813,0.969609606455288,0.8777167707107554,1.9746116492447898,0.8124394897881096
2,18.3,0.09889392371762529,0.570443590015626,0.9528078356798896,0.8777167707107554,1.9746116492447898,0.8124394897881096
2,18.400000000000002,0.1069963271017994,0.5555128057183916,0.9341361483148332,0.8777167707107554,1.9746116492447898,0.8124394897881096
2,18.5,0.10826399288592581,0.5527085093383606,0.9359709458933779,0.8777167707107554,1.9746116492447898,0.8124394897881096
2,18.6,0.10953539102779986,0.5499270434766517,0.9377934875052096,0.8777167707107554,1.9746116492447898,0.8124394897881096
2,18.7,0.110823461648629,0.54713987909285,0.9396231677508324,0.8777167707107554,1.9746116492447898,0.8124394897881096
2,18.8,0.10831333999012283,0.5504615750884584,0.9516756441048628,0.8777167707107554,1.9746116492447898,0.8124394897881096
2,18.900000000000002,0.10896244787485465,0.5490722829849971,0.9525891860473995,0.8777167707107554,1.9746116492447898,0.8124394897881096
2,19.0,0.1058115895708075,0.5537803691932898,0.9637317179052449,0.8777167707107554,1.9746116492447898,0.8124394897881096
2,19.1,0.1058115895708075,0.5537803691932898,0.9637317179052449,0.8777167707107554,1.9746116492447898,0.8124394897881096
2,19.200000000000003,0.1058115895708075,0.5537803691932898,0.9637317179052449,0.8777167707107554,1.9746116492447898,0.8124394897881096
2,19.3,0.1058115895708075,0.5537803691932898,0.9637317179052449,0.8777167707107554,1.9746116492447898,0.8124394897881096
2,19.400000000000002,0.1058115895708075,0.5537803691932898,0.9637317179052449,0.8777167707107554,1.9746116492447898,0.8124394897881096
2,19.5,0.1058115895708075,0.5537803691932898,0.9637317179052449,0.8777167707107554,1.9746116492447898,0.8124394897881096
2,19.6,0.1058115895708075,0.5537803691932898,0.9637317179052449,0.8777167707107554,1.9746116492447898,0.8124394897881096
2,19.700000000000003,0.1058115895708075,0.5537803691932898,0.9637317179052449,0.8777167707107554,1.9746116492447898,0.8124394897881096
2,19.8,0.1058115895708075,0.5537803691932898,0.9637317179052449,0.8777167707107554,1.9746116492447898,0.8124394897881096
2,19.900000000000002,0.1058115895708075,0.5537803691932898,0.9637317179052449,0.8777167707107554,1.9746116492447898,0.8124394897881096
2,20.0,0.1058115895708075,0.5537803691932898,0.9637317179052449,0.8777167707107554,1.9746116492447898,0.8124394897881096
2,20.1,0.1058115895708075,0.5537803691932898,0.9637317179052449,0.8777167707107554,1.9746116492447898,0.8124394897881096
2,20.200000000000003,0.1058115895708075,0.5537803691932898,0.9637317179052449,0.8777167707107554,1.9746116492447898,0.8124394897881096
2,20.3,0.1058115895708075,0.5537803691932898,0.9637317179052449,0.8777167707107554,1.9746116492447898,0.8124394897881096
2,20.400000000000002,0.1058115895708075,0.5537803691932898,0.9637317179052449,0.8777167707107554,1.9746116492447898,0.8124394897881096
2,20.5,0.1058115895708075,0.5537803691932898,0.9637317179052449,0.8777167707107554,1.9746116492447898,0.8124394897881096
2,20.6,0.1058115895708075,0.5537803691932898,0.9637317179052449,0.8777167707107554,1.9746116492447898,0.8124394897881096
2,20.700000000000003,0.1058115895708075,0.5537803691932898,0.9637317179052449,0.8777167707107554,1.9746116492447898,0.8124394897881096
2,20.8,0.1058115895708075,0.5537803691932898,0.9637317179052449,0.8777167707107554,1.9746116492447898,0.8124394897881096
2,20.900000000000002,0.1058115895708075,0.5537803691932898,0.9637317179052449,0.8777167707107554,1.9746116492447898,0.8124394897881096
2,21.0,0.1058115895708075,0.5537803691932898,0.9637317179052449,0.8777167707107554,1.9746116492447898,0.8124394897881096
2,21.1,0.1058115895708075,0.5537803691932898,0.9637317179052449,0.8777167707107554,1.9746116492447898,0.8124394897881096
2,21.200000000000003,0.1058115895708075,0.5537803691932898,0.9637317179052449,0.8777167707107554,1.9746116492447898,0.8124394897881096
2,21.3,0.1058115895708075,0.5537803691932898,0.9637317179052449,0.8777167707107554,1.9746116492447898,0.8124394897881096
2,21.400000000000002,0.1058115895708075,0.5537803691932898,0.9637317179052449,0.8777167707107554,1.9746116492447898,0.8124394897881096
2,21.5,0.1058115895708075,0.5537803691932898,0.9637317179052449,0.8777167707107554,1.9746116492447898,0.8124394897881096
2,21.6,0.1058115895708075,0.5537803691932898,0.9637317179052449,0.8777167707107554,1.9746116492447898,0.8124394897881096
2,21.700000000000003,0.1058115895708075,0.5537803691932898,0.9637317179052449,0.8777167707107554,1.9746116492447898,0.8124394897881096
2,21.8,0.1058115895708075,0.5537803691932898,0.9637317179052449,0.8777167707107554,1.9746116492447898,0.8124394897881096
2,21.900000000000002,0.1058115895708075,0.5537803691932898,0.9637317179052449,0.8777167707107554,1.9746116492447898,0.8124394897881096
2,22.0,0.1058115895708075,0.5537803691932898,0.9637317179052449,0.8777167707107554,1.9746116492447898,0.8124394897881096
2,22.1,0.1058115895708075,0.5537803691932898,0.9637317179052449,0.8777167707107554,1.9746116492447898,0.8124394897881096
2,22.200000000000003,0.1058115895708075,0.5537803691932898,0.9637317179052449,0.8777167707107554,1.9746116492447898,0.8124394897881096
2,22.3,0.1058115895708075,0.5537803691932898,0.9637317179052449,0.8777167707107554,1.9746116492447898,0.8124394897881096
2,22.400000000000002,0.1058115895708075,0.5537803691932898,0.9637317179052449,0.8777167707107554,1.9746116492447898,0.8124394897881096
2,22.5,0.1058115895708075,0.5537803691932898,0.9637317179052449,0.8777167707107554,1.9746116492447898,0.8124394897881096
2,22.6,0.1058115895708075,0.5537803691932898,0.9637317179052449,0.8777167707107554,1.9746116492447898,0.8124394897881096
2,22.700000000000003,0.1058115895708075,0.5537803691932898,0.9637317179052449,0.8777167707107554,1.9746116492447898,0.8124394897881096
2,22.8,0.1058115895708075,0.5537803691932898,0.9637317179052449,0.8777167707107554,1.9746116492447898,0.8124394897881096
2,22.900000000000002,0.1058115895708075,0.5537803691932898,0.9637317179052449,0.8777167707107554,1.9746116492447898,0.8124394897881096
2,23.0,0.1058115895708075,0.5537803691932898,0.9637317179052449,0.8777167707107554,1.9746116492447898,0.8124394897881096
2,23.1,0.1058115895708075,0.5537803691932898,0.9637317179052449,0.8777167707107554,1.9746116492447898,0.8124394897881096
2,23.200000000000003,0.1058115895708075,0.5537803691932898,0.9637317179052449,0.8777167707107554,1.9746116492447898,0.8124394897881096
2,23.3,0.1058115895708075,0.5537803691932898,0.9637317179052449,0.8777167707107554,1.9746116492447898,0.8124394897881096
2,23.400000000000002,0.1058115895708075,0.5537803691932898,0.9637317179052449,0.8777167707107554,1.9746116492447898,0.8124394897881096
2,23.5,0.1058115895708075,0.5537803691932898,0.9637317179052449,0.8777167707107554,1.9746116492447898,0.8124394897881096
2,23.6,0.1058115895708075,0.5537803691932898,0.9637317179052449,0.8777167707107554,1.9746116492447898,0.8124394897881096
2,23.700000000000003,0.1058115895708075,0.5537803691932898,0.9637317179052449,0.8777167707107554,1.9746116492447898,0.8124394897881096
2,23.8,0.10903457567095154,0.5489207531789364,0.9526752043140934,0.8777167707107554,1.9746116492447898,0.8124394897881096
2,23.900000000000002,0.10974343070276815,0.5474568404146557,0.9533829732938731,0.8777167707107554,1.9746116492447898,0.8124394897881096
2,24.0,0.10793895354196048,0.5508069640379305,0.9653494373556244,0.8777167707107554,1.9746116492447898,0.8124394897881096
2,24.1,0.10613447638115281,0.5541570876612052,0.9773159014173756,0.8777167707107554,1.9746116492447898,0.8124394897881096
2,24.200000000000003,0.1011070131202011,0.5623668272988334,1.0003388790702785,0.8777167707107554,1.9746116492447898,0.8124394897881096
2,24.3,0.09859368092757681,0.5671808636863889,1.01159757415225,0.8777167707107554,1.9746116492447898,0.8124394897881096
2,24.400000000000002,0.09859368092757681,0.5671808636863889,1.01159757415225,0.8777167707107554,1.9746116492447898,0.8124394897881096
2,24.5,0.09859368092757681,0.5671808636863889,1.01159757415225,0.8777167707107554,1.9746116492447898,0.8124394897881096
2,24.6,0.09859368092757681,0.5671808636863889,1.01159757415225,0.8777167707107554,1.9746116492447898,0.8124394897881096
2,24.700000000000003,0.09859368092757681,0.5671808636863889,1.01159757415225,0.8777167707107554,1.9746116492447898,0.8124394897881096
2,24.8,0.09859368092757681,0.5671808636863889,1.01159757415225,0.8777167707107554,1.9746116492447898,0.8124394897881096
2,24.900000000000002,0.09859368092757681,0.5671808636863889,1.01159757415225,0.8777167707107554,1.9746116492447898,0.8124394897881096
2,25.0,0.09859368092757681,0.5671808636863889,1.01159757415225,0.8777167707107554,1.9746116492447898,0.8124394897881096
2,25.1,0.09859368092757681,0.5671808636863889,1.01159757415225,0.8777167707107554,1.9746116492447898,0.8124394897881096
2,25.200000000000003,0.09859368092757681,0.5671808636863889,1.01159757415225,0.8777167707107554,1.9746116492447898,0.8124394897881096
2,25.3,0.09859368092757681,0.5671808636863889,1.01159757415225,0.8777167707107554,1.9746116492447898,0.8124394897881096
2,25.400000000000002,0.09859368092757681,0.5671808636863889,1.01159757415225,0.8777167707107554,1.9746116492447898,0.8124394897881096
2,25.5,0.09859368092757681,0.5671808636863889,1.01159757415225,0.8777167707107554,1.9746116492447898,0.8124394897881096
2,25.6,0.09859368092757681,0.5671808636863889,1.01159757415225,0.8777167707107554,1.9746116492447898,0.8124394897881096
2,25.700000000000003,0.09859368092757681,0.5671808636863889,1.01159757415225,0.8777167707107554,1.9746116492447898,0.8124394897881096
2,25.8,0.09859368092757681,0.5671808636863889,1.01159757415225,0.8777167707107554,1.9746116492447898,0.8124394897881096
2,25.900000000000002,0.09859368092757681,0.5671808636863889,1.01159757415225,0.8777167707107554,1.9746116492447898,0.8124394897881096
2,26.0,0.09859368092757681,0.5671808636863889,1.01159757415225,0.8777167707107554,1.9746116492447898,0.8124394897881096
2,26.1,0.09859368092757681,0.5671808636863889,1.01159757415225,0.8777167707107554,1.9746116492447898,0.8124394897881096
2,26.200000000000003,0.09859368092757681,0.5671808636863889,1.01159757415225,0.8777167707107554,1.9746116492447898,0.8124394897881096
2,26.3,0.09859368092757681,0.5671808636863889,1.01159757415225,0.8777167707107554,1.9746116492447898,0.8124394897881096
2,26.400000000000002,0.09859368092757681,0.5671808636863889,1.01159757415225,0.8777167707107554,1.9746116492447898,0.8124394897881096
2,26.5,0.09859368092757681,0.5671808636863889,1.01159757415225,0.8777167707107554,1.9746116492447898,0.8124394897881096
2,26.6,0.09859368092757681,0.5671808636863889,1.01159757415225,0.8777167707107554,1.9746116492447898,0.8124394897881096
2,26.700000000000003,0.09859368092757681,0.5671808636863889,1.01159757415225,0.8777167707107554,1.9746116492447898,0.8124394897881096
2,26.8,0.09859368092757681,0.5671808636863889,1.01159757415225,0.8777167707107554,1.9746116492447898,0.8124394897881096
2,26.900000000000002,0.09859368092757681,0.5671808636863889,1.01159757415225,0.8777167707107554,1.9746116492447898,0.8124394897881096
2,27.0,0.09859368092757681,0.5671808636863889,1.01159757415225,0.8777167707107554,1.9746116492447898,0.8124394897881096
2,27.1,0.09859368092757681,0.5671808636863889,1.01159757415225,0.8777167707107554,1.9746116492447898,0.8124394897881096
2,27.200000000000003,0.09859368092757681,0.5671808636863889,1.01159757415225,0.8777167707107554,1.9746116492447898,0.8124394897881096
2,27.3,0.09859368092757681,0.5671808636863889,1.01159757415225,0.8777167707107554,1.9746116492447898,0.8124394897881096
2,27.400000000000002,0.09859368092757681,0.5671808636863889,1.01159757415225,0.8777167707107554,1.9746116492447898,0.8124394897881096
2,27.5,0.09859368092757681,0.5671808636863889,1.01159757415225,0.8777167707107554,1.9746116492447898,0.8124394897881096
2,27.6,0.09859368092757681,0.5671808636863889,1.01159757415225,0.8777167707107554,1.9746116492447898,0.8124394897881096
2,27.700000000000003,0.09859368092757681,0.5671808636863889,1.01159757415225,0.8777167707107554,1.9746116492447898,0.8124394897881096
2,27.8,0.09859368092757681,0.5671808636863889,1.01159757415225,0.8777167707107554,1.9746116492447898,0.8124394897881096
2,27.900000000000002,0.09859368092757681,0.5671808636863889,1.01159757415225,0.8777167707107554,1.9746116492447898,0.8124394897881096
2,28.0,0.09859368092757681,0.5671808636863889,1.01159757415225,0.8777167707107554,1.9746116492447898,0.8124394897881096
2,28.1,0.09859368092757681,0.5671808636863889,1.01159757415225,0.8777167707107554,1.9746116492447898,0.8124394897881096
2,28.200000000000003,0.09859368092757681,0.5671808636863889,1.01159757415225,0.8777167707107554,1.9746116492447898,0.8124394897881096
2,28.3,0.09859368092757681,0.5671808636863889,1.01159757415225,0.8777167707107554,1.9746116492447898,0.8124394897881096
2,28.400000000000002,0.09859368092757681,0.5671808636863889,1.01159757415225,0.8777167707107554,1.9746116492447898,0.8124394897881096
2,28.5,0.09859368092757681,0.5671808636863889,1.01159757415225,0.8777167707107554,1.9746116492447898,0.8124394897881096
2,28.6,0.09859368092757681,0.5671808636863889,1.01159757415225,0.8777167707107554,1.9746116492447898,0.8124394897881096
2,28.700000000000003,0.09859368092757681,0.5671808636863889,1.01159757415225,0.8777167707107554,1.9746116492447898,0.8124394897881096
2,28.8,0.09859368092757681,0.5671808636863889,1.01159757415225,0.8777167707107554,1.9746116492447898,0.8124394897881096
2,28.900000000000002,0.09859368092757681,0.5671808636863889,1.01159757415225,0.8777167707107554,1.9746116492447898,0.8124394897881096
2,29.0,0.09859368092757681,0.5671808636863889,1.01159757415225,0.8777167707107554,1.9746116492447898,0.8124394897881096
2,29.1,0.09859368092757681,0.5671808636863889,1.01159757415225,0.8777167707107554,1.9746116492447898,0.8124394897881096
2,29.200000000000003,0.09859368092757681,0.5671808636863889,1.01159757415225,0.8777167707107554,1.9746116492447898,0.8124394897881096
2,29.3,0.09859368092757681,0.5671808636863889,1.01159757415225,0.8777167707107554,1.9746116492447898,0.8124394897881096
2,29.400000000000002,0.09859368092757681,0.5671808636863889,1.01159757415225,0.8777167707107554,1.9746116492447898,0.8124394897881096
2,29.5,0.09859368092757681,0.5671808636863889,1.01159757415225,0.8777167707107554,1.9746116492447898,0.8124394897881096
2,29.6,0.09859368092757681,0.5671808636863889,1.01159757415225,0.8777167707107554,1.9746116492447898,0.8124394897881096
2,29.700000000000003,0.09859368092757681,0.5671808636863889,1.01159757415225,0.8777167707107554,1.9746116492447898,0.8124394897881096
2,29.8,0.09859368092757681,0.5671808636863889,1.01159757415225,0.8777167707107554,1.9746116492447898,0.8124394897881096
2,29.900000000000002,0.09859368092757681,0.5671808636863889,1.01159757415225,0.8777167707107554,1.9746116492447898,0.8124394897881096
2,30.0,0.09859368092757681,0.5671808636863889,1.01159757415225,0.8777167707107554,1.9746116492447898,0.8124394897881096
2,30.1,0.09859368092757681,0.5671808636863889,1.01159757415225,0.8777167707107554,1.9746116492447898,0.8124394897881096
2,30.200000000000003,0.09859368092757681,0.5671808636863889,1.01159757415225,0.8777167707107554,1.9746116492447898,0.8124394897881096
2,30.3,0.09859368092757681,0.5671808636863889,1.01159757415225,0.8777167707107554,1.9746116492447898,0.8124394897881096
2,30.400000000000002,0.09859368092757681,0.5671808636863889,1.01159757415225,0.8777167707107554,1.9746116492447898,0.8124394897881096
2,30.5,0.09859368092757681,0.5671808636863889,1.01159757415225,0.8777167707107554,1.9746116492447898,0.8124394897881096
2,30.6,0.09859368092757681,0.5671808636863889,1.01159757415225,0.8777167707107554,1.9746116492447898,0.8124394897881096
2,30.700000000000003,0.09859368092757681,0.5671808636863889,1.01159757415225,0.8777167707107554,1.9746116492447898,0.8124394897881096
2,30.8,0.09859368092757681,0.5671808636863889,1.01159757415225,0.8777167707107554,1.9746116492447898,0.8124394897881096
2,30.900000000000002,0.09859368092757681,0.5671808636863889,1.01159757415225,0.8777167707107554,1.9746116492447898,0.8124394897881096
2,31.0,0.09859368092757681,0.5671808636863889,1.01159757415225,0.8777167707107554,1.9746116492447898,0.8124394897881096
2,31.1,0.09859368092757681,0.5671808636863889,1.01159757415225,0.8777167707107554,1.9746116492447898,0.8124394897881096
2,31.200000000000003,0.09859368092757681,0.5671808636863889,1.01159757415225,0.8777167707107554,1.9746116492447898,0.8124394897881096
2,31.3,0.09859368092757681,0.5671808636863889,1.01159757415225,0.8777167707107554,1.9746116492447898,0.8124394897881096
2,31.400000000000002,0.09859368092757681,0.5671808636863889,1.01159757415225,0.8777167707107554,1.9746116492447898,0.8124394897881096
2,31.5,0.09859368092757681,0.5671808636863889,1.01159757415225,0.8777167707107554,1.9746116492447898,0.8124394897881096
2,31.6,0.09859368092757681,0.5671808636863889,1.01159757415225,0.8777167707107554,1.9746116492447898,0.8124394897881096
2,31.700000000000003,0.09859368092757681,0.5671808636863889,1.01159757415225,0.8777167707107554,1.9746116492447898,0.8124394897881096
2,31.8,0.09859368092757681,0.5671808636863889,1.01159757415225,0.8777167707107554,1.9746116492447898,0.8124394897881096
2,31.900000000000002,0.09859368092757681,0.5671808636863889,1.01159757415225,0.8777167707107554,1.9746116492447898,0.8124394897881096
2,32.0,0.09859368092757681,0.5671808636863889,1.01159757415225,0.8777167707107554,1.9746116492447898,0.8124394897881096
2,32.1,0.09859368092757681,0.5671808636863889,1.01159757415225,0.8777167707107554,1.9746116492447898,0.8124394897881096
2,32.2,0.09859368092757681,0.5671808636863889,1.01159757415225,0.8777167707107554,1.9746116492447898,0.8124394897881096
2,32.300000000000004,0.09859368092757681,0.5671808636863889,1.01159757415225,0.8777167707107554,1.9746116492447898,0.8124394897881096
2,32.4,0.09859368092757681,0.5671808636863889,1.01159757415225,0.8777167707107554,1.9746116492447898,0.8124394897881096
2,32.5,0.09859368092757681,0.5671808636863889,1.01159757415225,0.8777167707107554,1.9746116492447898,0.8124394897881096
2,32.6,0.09859368092757681,0.5671808636863889,1.01159757415225,0.8777167707107554,1.9746116492447898,0.8124394897881096
2,32.7,0.09859368092757681,0.5671808636863889,1.01159757415225,0.8777167707107554,1.9746116492447898,0.8124394897881096
2,32.800000000000004,0.09859368092757681,0.5671808636863889,1.01159757415225,0.8777167707107554,1.9746116492447898,0.8124394897881096
2,32.9,0.09859368092757681,0.5671808636863889,1.01159757415225,0.8777167707107554,1.9746116492447898,0.8124394897881096
2,33.0,0.09859368092757681,0.5671808636863889,1.01159757415225,0.8777167707107554,1.9746116492447898,0.8124394897881096
2,33.1,0.09859368092757681,0.5671808636863889,1.01159757415225,0.8777167707107554,1.9746116492447898,0.8124394897881096
2,33.2,0.09859368092757681,0.5671808636863889,1.01159757415225,0.8777167707107554,1.9746116492447898,0.8124394897881096
2,33.300000000000004,0.09859368092757681,0.5671808636863889,1.01159757415225,0.8777167707107554,1.9746116492447898,0.8124394897881096
2,33.4,0.09859368092757681,0.5671808636863889,1.01159757415225,0.8777167707107554,1.9746116492447898,0.8124394897881096
2,33.5,0.09859368092757681,0.5671808636863889,1.01159757415225,0.8777167707107554,1.9746116492447898,0.8124394897881096
2,33.6,0.09859368092757681,0.5671808636863889,1.01159757415225,0.8777167707107554,1.9746116492447898,0.8124394897881096
2,33.7,0.09859368092757681,0.5671808636863889,1.01159757415225,0.8777167707107554,1.9746116492447898,0.8124394897881096
2,33.800000000000004,0.09859368092757681,0.5671808636863889,1.01159757415225,0.8777167707107554,1.9746116492447898,0.8124394897881096
2,33.9,0.09859368092757681,0.5671808636863889,1.01159757415225,0.8777167707107554,1.9746116492447898,0.8124394897881096
2,34.0,0.09859368092757681,0.5671808636863889,1.01159757415225,0.8777167707107554,1.9746116492447898,0.8124394897881096
2,34.1,0.09859368092757681,0.5671808636863889,1.01159757415225,0.8777167707107554,1.9746116492447898,0.8124394897881096
2,34.2,0.09859368092757681,0.5671808636863889,1.01159757415225,0.8777167707107554,1.9746116492447898,0.8124394897881096
2,34.300000000000004,0.09859368092757681,0.5671808636863889,1.01159757415225,0.8777167707107554,1.9746116492447898,0.8124394897881096
2,34.4,0.09859368092757681,0.5671808636863889,1.01159757415225,0.8777167707107554,1.9746116492447898,0.8124394897881096
2,34.5,0.09859368092757681,0.5671808636863889,1.01159757415225,0.8777167707107554,1.9746116492447898,0.8124394897881096
2,34.6,0.09859368092757681,0.5671808636863889,1.01159757415225,0.8777167707107554,1.9746116492447898,0.8124394897881096
2,34.7,0.09859368092757681,0.5671808636863889,1.01159757415225,0.8777167707107554,1.9746116492447898,0.8124394897881096
2,34.800000000000004,0.09859368092757681,0.5671808636863889,1.01159757415225,0.8777167707107554,1.9746116492447898,0.8124394897881096
2,34.9,0.09859368092757681,0.5671808636863889,1.01159757415225,0.8777167707107554,1.9746116492447898,0.8124394897881096
2,35.0,0.09859368092757681,0.5671808636863889,1.01159757415225,0.8777167707107554,1.9746116492447898,0.8124394897881096
2,35.1,0.09859368092757681,0.5671808636863889,1.01159757415225,0.8777167707107554,1.9746116492447898,0.8124394897881096
2,35.2,0.09859368092757681,0.5671808636863889,1.01159757415225,0.8777167707107554,1.9746116492447898,0.8124394897881096
2,35.300000000000004,0.09859368092757681,0.5671808636863889,1.01159757415225,0.8777167707107554,1.9746116492447898,0.8124394897881096
2,35.4,0.09859368092757681,0.5671808636863889,1.01159757415225,0.8777167707107554,1.9746116492447898,0.8124394897881096
2,35.5,0.09859368092757681,0.5671808636863889,1.01159757415225,0.8777167707107554,1.9746116492447898,0.8124394897881096
2,35.6,0.09859368092757681,0.5671808636863889,1.01159757415225,0.8777167707107554,1.9746116492447898,0.8124394897881096
2,35.7,0.09859368092757681,0.5671808636863889,1.01159757415225,0.8777167707107554,1.9746116492447898,0.8124394897881096
2,35.800000000000004,0.09859368092757681,0.5671808636863889,1.01159757415225,0.8777167707107554,1.9746116492447898,0.8124394897881096
2,35.9,0.09859368092757681,0.5671808636863889,1.01159757415225,0.8777167707107554,1.9746116492447898,0.8124394897881096
2,36.0,0.09859368092757681,0.5671808636863889,1.01159757415225,0.8777167707107554,1.9746116492447898,0.8124394897881096
2,36.1,0.09859368092757681,0.5671808636863889,1.01159757415225,0.8777167707107554,1.9746116492447898,0.8124394897881096
2,36.2,0.09859368092757681,0.5671808636863889,1.01159757415225,0.8777167707107554,1.9746116492447898,0.8124394897881096
2,36.300000000000004,0.09859368092757681,0.5671808636863889,1.01159757415225,0.8777167707107554,1.9746116492447898,0.8124394897881096
2,36.4,0.09859368092757681,0.5671808636863889,1.01159757415225,0.8777167707107554,1.9746116492447898,0.8124394897881096
2,36.5,0.09859368092757681,0.5671808636863889,1.01159757415225,0.8777167707107554,1.9746116492447898,0.8124394897881096
2,36.6,0.09859368092757681,0.5671808636863889,1.01159757415225,0.8777167707107554,1.9746116492447898,0.8124394897881096
2,36.7,0.09859368092757681,0.5671808636863889,1.01159757415225,0.8777167707107554,1.9746116492447898,0.8124394897881096
2,36.800000000000004,0.09859368092757681,0.5671808636863889,1.01159757415225,0.8777167707107554,1.9746116492447898,0.8124394897881096
2,36.9,0.09859368092757681,0.5671808636863889,1.01159757415225,0.8777167707107554,1.9746116492447898,0.8124394897881096
2,37.0,0.09859368092757681,0.5671808636863889,1.01159757415225,0.8777167707107554,1.9746116492447898,0.8124394897881096
2,37.1,0.09859368092757681,0.5671808636863889,1.01159757415225,0.8777167707107554,1.9746116492447898,0.8124394897881096
2,37.2,0.09859368092757681,0.5671808636863889,1.01159757415225,0.8777167707107554,1.9746116492447898,0.8124394897881096
2,37.300000000000004,0.09859368092757681,0.5671808636863889,1.01159757415225,0.8777167707107554,1.9746116492447898,0.8124394897881096
2,37.4,0.09859368092757681,0.5671808636863889,1.01159757415225,0.8777167707107554,1.9746116492447898,0.8124394897881096
2,37.5,0.09859368092757681,0.5671808636863889,1.01159757415225,0.8777167707107554,1.9746116492447898,0.8124394897881096
2,37.6,0.09859368092757681,0.5671808636863889,1.01159757415225,0.8777167707107554,1.9746116492447898,0.8124394897881096
2,37.7,0.09859368092757681,0.5671808636863889,1.01159757415225,0.8777167707107554,1.9746116492447898,0.8124394897881096
2,37.800000000000004,0.09859368092757681,0.5671808636863889,1.01159757415225,0.8777167707107554,1.9746116492447898,0.8124394897881096
2,37.9,0.09859368092757681,0.5671808636863889,1.01159757415225,0.8777167707107554,1.9746116492447898,0.8124394897881096
2,38.0,0.09859368092757681,0.5671808636863889,1.01159757415225,0.8777167707107554,1.9746116492447898,0.8124394897881096
2,38.1,0.09859368092757681,0.5671808636863889,1.01159757415225,0.8777167707107554,1.9746116492447898,0.8124394897881096
2,38.2,0.09859368092757681,0.5671808636863889,1.01159757415225,0.8777167707107554,1.9746116492447898,0.8124394897881096
2,38.300000000000004,0.09859368092757681,0.5671808636863889,1.01159757415225,0.8777167707107554,1.9746116492447898,0.8124394897881096
2,38.400000000000006,0.09859368092757681,0.5671808636863889,1.01159757415225,0.8777167707107554,1.9746116492447898,0.8124394897881096
2,38.5,0.09859368092757681,0.5671808636863889,1.01159757415225,0.8777167707107554,1.9746116492447898,0.8124394897881096
2,38.6,0.09859368092757681,0.5671808636863889,1.01159757415225,0.8777167707107554,1.9746116492447898,0.8124394897881096
2,38.7,0.09859368092757681,0.5671808636863889,1.01159757415225,0.8777167707107554,1.9746116492447898,0.8124394897881096
2,38.800000000000004,0.09859368092757681,0.5671808636863889,1.01159757415225,0.8777167707107554,1.9746116492447898,0.8124394897881096
2,38.900000000000006,0.09859368092757681,0.5671808636863889,1.01159757415225,0.8777167707107554,1.9746116492447898,0.8124394897881096
2,39.0,0.09859368092757681,0.5671808636863889,1.01159757415225,0.8777167707107554,1.9746116492447898,0.8124394897881096
2,39.1,0.09859368092757681,0.5671808636863889,1.01159757415225,0.8777167707107554,1.9746116492447898,0.8124394897881096
2,39.2,0.09859368092757681,0.5671808636863889,1.01159757415225,0.8777167707107554,1.9746116492447898,0.8124394897881096
2,39.300000000000004,0.09859368092757681,0.5671808636863889,1.01159757415225,0.8777167707107554,1.9746116492447898,0.8124394897881096
2,39.400000000000006,0.09859368092757681,0.5671808636863889,1.01159757415225,0.8777167707107554,1.9746116492447898,0.8124394897881096
2,39.5,0.09859368092757681,0.5671808636863889,1.01159757415225,0.8777167707107554,1.9746116492447898,0.8124394897881096
2,39.6,0.09859368092757681,0.5671808636863889,1.01159757415225,0.8777167707107554,1.9746116492447898,0.8124394897881096
2,39.7,0.09859368092757681,0.5671808636863889,1.01159757415225,0.8777167707107554,1.9746116492447898,0.8124394897881096
2,39.800000000000004,0.09859368092757681,0.5671808636863889,1.01159757415225,0.8777167707107554,1.9746116492447898,0.8124394897881096
2,39.900000000000006,0.09859368092757681,0.5671808636863889,1.01159757415225,0.8777167707107554,1.9746116492447898,0.8124394897881096
2,40.0,0.09859368092757681,0.5671808636863889,1.01159757415225,0.8777167707107554,1.9746116492447898,0.8124394897881096
2,40.1,0.09859368092757681,0.5671808636863889,1.01159757415225,0.8777167707107554,1.9746116492447898,0.8124394897881096
2,40.2,0.09859368092757681,0.5671808636863889,1.01159757415225,0.8777167707107554,1.9746116492447898,0.8124394897881096
2,40.300000000000004,0.09859368092757681,0.5671808636863889,1.01159757415225,0.8777167707107554,1.9746116492447898,0.8124394897881096
2,40.400000000000006,0.09859368092757681,0.5671808636863889,1.01159757415225,0.8777167707107554,1.9746116492447898,0.8124394897881096
2,40.5,0.09859368092757681,0.5671808636863889,1.01159757415225,0.8777167707107554,1.9746116492447898,0.8124394897881096
2,40.6,0.09859368092757681,0.5671808636863889,1.01159757415225,0.8777167707107554,1.9746116492447898,0.8124394897881096
2,40.7,0.09859368092757681,0.5671808636863889,1.01159757415225,0.8777167707107554,1.9746116492447898,0.8124394897881096
2,40.800000000000004,0.09859368092757681,0.5671808636863889,1.01159757415225,0.8777167707107554,1.9746116492447898,0.8124394897881096
2,40.900000000000006,0.09859368092757681,0.5671808636863889,1.01159757415225,0.8777167707107554,1.9746116492447898,0.8124394897881096
2,41.0,0.09859368092757681,0.5671808636863889,1.01159757415225,0.8777167707107554,1.9746116492447898,0.8124394897881096
2,41.1,0.09859368092757681,0.5671808636863889,1.01159757415225,0.8777167707107554,1.9746116492447898,0.8124394897881096
2,41.2,0.09859368092757681,0.5671808636863889,1.01159757415225,0.8777167707107554,1.9746116492447898,0.8124394897881096
2,41.300000000000004,0.09859368092757681,0.5671808636863889,1.01159757415225,0.8777167707107554,1.9746116492447898,0.8124394897881096
2,41.400000000000006,0.09859368092757681,0.5671808636863889,1.01159757415225,0.8777167707107554,1.9746116492447898,0.8124394897881096
2,41.5,0.09859368092757681,0.5671808636863889,1.01159757415225,0.8777167707107554,1.9746116492447898,0.8124394897881096
2,41.6,0.09859368092757681,0.5671808636863889,1.01159757415225,0.8777167707107554,1.9746116492447898,0.8124394897881096
2,41.7,0.09859368092757681,0.5671808636863889,1.01159757415225,0.8777167707107554,1.9746116492447898,0.8124394897881096
2,41.800000000000004,0.09859368092757681,0.5671808636863889,1.01159757415225,0.8777167707107554,1.9746116492447898,0.8124394897881096
2,41.900000000000006,0.09859368092757681,0.5671808636863889,1.01159757415225,0.8777167707107554,1.9746116492447898,0.8124394897881096
2,42.0,0.09859368092757681,0.5671808636863889,1.01159757415225,0.8777167707107554,1.9746116492447898,0.8124394897881096
2,42.1,0.09859368092757681,0.5671808636863889,1.01159757415225,0.8777167707107554,1.9746116492447898,0.8124394897881096
2,42.2,0.09859368092757681,0.5671808636863889,1.01159757415225,0.8777167707107554,1.9746116492447898,0.8124394897881096
2,42.300000000000004,0.09859368092757681,0.5671808636863889,1.01159757415225,0.8777167707107554,1.9746116492447898,0.8124394897881096
2,42.400000000000006,0.09859368092757681,0.5671808636863889,1.01159757415225,0.8777167707107554,1.9746116492447898,0.8124394897881096
2,42.5,0.09859368092757681,0.5671808636863889,1.01159757415225,0.8777167707107554,1.9746116492447898,0.8124394897881096
2,42.6,0.09859368092757681,0.5671808636863889,1.01159757415225,0.8777167707107554,1.9746116492447898,0.8124394897881096
2,42.7,0.09859368092757681,0.5671808636863889,1.01159757415225,0.8777167707107554,1.9746116492447898,0.8124394897881096
2,42.800000000000004,0.09859368092757681,0.5671808636863889,1.01159757415225,0.8777167707107554,1.9746116492447898,0.8124394897881096
2,42.900000000000006,0.09859368092757681,0.5671808636863889,1.01159757415225,0.8777167707107554,1.9746116492447898,0.8124394897881096
2,43.0,0.09859368092757681,0.5671808636863889,1.01159757415225,0.8777167707107554,1.9746116492447898,0.8124394897881096
2,43.1,0.09859368092757681,0.5671808636863889,1.01159757415225,0.8777167707107554,1.9746116492447898,0.8124394897881096
2,43.2,0.09859368092757681,0.5671808636863889,1.01159757415225,0.8777167707107554,1.9746116492447898,0.8124394897881096
2,43.300000000000004,0.09859368092757681,0.5671808636863889,1.01159757415225,0.8777167707107554,1.9746116492447898,0.8124394897881096
2,43.400000000000006,0.09859368092757681,0.5671808636863889,1.01159757415225,0.8777167707107554,1.9746116492447898,0.8124394897881096
2,43.5,0.09859368092757681,0.5671808636863889,1.01159757415225,0.8777167707107554,1.9746116492447898,0.8124394897881096
2,43.6,0.09859368092757681,0.5671808636863889,1.01159757415225,0.8777167707107554,1.9746116492447898,0.8124394897881096
2,43.7,0.09859368092757681,0.5671808636863889,1.01159757415225,0.8777167707107554,1.9746116492447898,0.8124394897881096
2,43.800000000000004,0.09859368092757681,0.5671808636863889,1.01159757415225,0.8777167707107554,1.9746116492447898,0.8124394897881096
2,43.900000000000006,0.09859368092757681,0.5671808636863889,1.01159757415225,0.8777167707107554,1.9746116492447898,0.8124394897881096
2,44.0,0.09859368092757681,0.5671808636863889,1.01159757415225,0.8777167707107554,1.9746116492447898,0.8124394897881096
2,44.1,0.09859368092757681,0.5671808636863889,1.01159757415225,0.8777167707107554,1.9746116492447898,0.8124394897881096
2,44.2,0.09859368092757681,0.5671808636863889,1.01159757415225,0.8777167707107554,1.9746116492447898,0.8124394897881096
2,44.300000000000004,0.09859368092757681,0.5671808636863889,1.01159757415225,0.8777167707107554,1.9746116492447898,0.8124394897881096
2,44.400000000000006,0.09859368092757681,0.5671808636863889,1.01159757415225,0.8777167707107554,1.9746116492447898,0.8124394897881096
2,44.5,0.09859368092757681,0.5671808636863889,1.01159757415225,0.8777167707107554,1.9746116492447898,0.8124394897881096
2,44.6,0.09859368092757681,0.5671808636863889,1.01159757415225,0.8777167707107554,1.9746116492447898,0.8124394897881096
2,44.7,0.09859368092757681,0.5671808636863889,1.01159757415225,0.8777167707107554,1.9746116492447898,0.8124394897881096
2,44.800000000000004,0.09859368092757681,0.5671808636863889,1.01159757415225,0.8777167707107554,1.9746116492447898,0.8124394897881096
2,44.900000000000006,0.09859368092757681,0.5671808636863889,1.01159757415225,0.8777167707107554,1.9746116492447898,0.8124394897881096
2,45.0,0.09859368092757681,0.5671808636863889,1.01159757415225,0.8777167707107554,1.9746116492447898,0.8124394897881096
2,45.1,0.09859368092757681,0.5671808636863889,1.01159757415225,0.8777167707107554,1.9746116492447898,0.8124394897881096
2,45.2,0.09859368092757681,0.5671808636863889,1.01159757415225,0.8777167707107554,1.9746116492447898,0.8124394897881096
2,45.300000000000004,0.09859368092757681,0.5671808636863889,1.01159757415225,0.8777167707107554,1.9746116492447898,0.8124394897881096
2,45.400000000000006,0.09859368092757681,0.5671808636863889,1.01159757415225,0.8777167707107554,1.9746116492447898,0.8124394897881096
2,45.5,0.09859368092757681,0.5671808636863889,1.01159757415225,0.8777167707107554,1.9746116492447898,0.8124394897881096
2,45.6,0.09859368092757681,0.5671808636863889,1.01159757415225,0.8777167707107554,1.9746116492447898,0.8124394897881096
2,45.7,0.09859368092757681,0.5671808636863889,1.01159757415225,0.8777167707107554,1.9746116492447898,0.8124394897881096
2,45.800000000000004,0.09859368092757681,0.5671808636863889,1.01159757415225,0.8777167707107554,1.9746116492447898,0.8124394897881096
2,45.900000000000006,0.09859368092757681,0.5671808636863889,1.01159757415225,0.8777167707107554,1.9746116492447898,0.8124394897881096
2,46.0,0.09859368092757681,0.5671808636863889,1.01159757415225,0.8777167707107554,1.9746116492447898,0.8124394897881096
2,46.1,0.09859368092757681,0.5671808636863889,1.01159757415225,0.8777167707107554,1.9746116492447898,0.8124394897881096
2,46.2,0.09859368092757681,0.5671808636863889,1.01159757415225,0.8777167707107554,1.9746116492447898,0.8124394897881096
2,46.300000000000004,0.09859368092757681,0.5671808636863889,1.01159757415225,0.8777167707107554,1.9746116492447898,0.8124394897881096
2,46.400000000000006,0.09859368092757681,0.5671808636863889,1.01159757415225,0.8777167707107554,1.9746116492447898,0.8124394897881096
2,46.5,0.09859368092757681,0.5671808636863889,1.01159757415225,0.8777167707107554,1.9746116492447898,0.8124394897881096
2,46.6,0.09859368092757681,0.5671808636863889,1.01159757415225,0.8777167707107554,1.9746116492447898,0.8124394897881096
2,46.7,0.09859368092757681,0.5671808636863889,1.01159757415225,0.8777167707107554,1.9746116492447898,0.8124394897881096
2,46.800000000000004,0.09859368092757681,0.5671808636863889,1.01159757415225,0.8777167707107554,1.9746116492447898,0.8124394897881096
2,46.900000000000006,0.09859368092757681,0.5671808636863889,1.01159757415225,0.8777167707107554,1.9746116492447898,0.8124394897881096
2,47.0,0.09859368092757681,0.5671808636863889,1.01159757415225,0.8777167707107554,1.9746116492447898,0.8124394897881096
2,47.1,0.09859368092757681,0.5671808636863889,1.01159757415225,0.8777167707107554,1.9746116492447898,0.8124394897881096
2,47.2,0.09859368092757681,0.5671808636863889,1.01159757415225,0.8777167707107554,1.9746116492447898,0.8124394897881096
2,47.300000000000004,0.09859368092757681,0.5671808636863889,1.01159757415225,0.8777167707107554,1.9746116492447898,0.8124394897881096
2,47.400000000000006,0.09859368092757681,0.5671808636863889,1.01159757415225,0.8777167707107554,1.9746116492447898,0.8124394897881096
2,47.5,0.09859368092757681,0.5671808636863889,1.01159757415225,0.8777167707107554,1.9746116492447898,0.8124394897881096
2,47.6,0.09859368092757681,0.5671808636863889,1.01159757415225,0.8777167707107554,1.9746116492447898,0.8124394897881096
2,47.7,0.09859368092757681,0.5671808636863889,1.01159757415225,0.8777167707107554,1.9746116492447898,0.8124394897881096
2,47.800000000000004,0.09859368092757681,0.5671808636863889,1.01159757415225,0.8777167707107554,1.9746116492447898,0.8124394897881096
2,47.900000000000006,0.09859368092757681,0.5671808636863889,1.01159757415225,0.8777167707107554,1.9746116492447898,0.8124394897881096
2,48.0,0.09859368092757681,0.5671808636863889,1.01159757415225,0.8777167707107554,1.9746116492447898,0.8124394897881096
2,48.1,0.09859368092757681,0.5671808636863889,1.01159757415225,0.8777167707107554,1.9746116492447898,0.8124394897881096
2,48.2,0.09859368092757681,0.5671808636863889,1.01159757415225,0.8777167707107554,1.9746116492447898,0.8124394897881096
2,48.300000000000004,0.09859368092757681,0.5671808636863889,1.01159757415225,0.8777167707107554,1.9746116492447898,0.8124394897881096
2,48.400000000000006,0.09859368092757681,0.5671808636863889,1.01159757415225,0.8777167707107554,1.9746116492447898,0.8124394897881096
2,48.5,0.09859368092757681,0.5671808636863889,1.01159757415225,0.8777167707107554,1.9746116492447898,0.8124394897881096
2,48.6,0.09859368092757681,0.5671808636863889,1.01159757415225,0.8777167707107554,1.9746116492447898,0.8124394897881096
2,48.7,0.09859368092757681,0.5671808636863889,1.01159757415225,0.8777167707107554,1.9746116492447898,0.8124394897881096
2,48.800000000000004,0.09859368092757681,0.5671808636863889,1.01159757415225,0.8777167707107554,1.9746116492447898,0.8124394897881096
2,48.900000000000006,0.09859368092757681,0.5671808636863889,1.01159757415225,0.8777167707107554,1.9746116492447898,0.8124394897881096
2,49.0,0.09859368092757681,0.5671808636863889,1.01159757415225,0.8777167707107554,1.9746116492447898,0.8124394897881096
2,49.1,0.09859368092757681,0.5671808636863889,1.01159757415225,0.8777167707107554,1.9746116492447898,0.8124394897881096
2,49.2,0.09859368092757681,0.5671808636863889,1.01159757415225,0.8777167707107554,1.9746116492447898,0.8124394897881096
2,49.300000000000004,0.09859368092757681,0.5671808636863889,1.01159757415225,0.8777167707107554,1.9746116492447898,0.8124394897881096
2,49.400000000000006,0.09919837115195795,0.5663097869047924,0.9991426323630203,0.8777167707107554,1.9746116492447898,0.8124394897881096
2,49.5,0.10036762638298735,0.5660841666511722,0.9742171391736414,0.8777167707107554,1.9746116492447898,0.8124394897881096
2,49.6,0.10176140282054114,0.5636172223642737,0.9615870132746557,0.8777167707107554,1.9746116492447898,0.8124394897881096
2,49.7,0.10367024949555537,0.5597229612981244,0.9613644443254546,0.8777167707107554,1.9746116492447898,0.8124394897881096
2,49.800000000000004,0.09973438000632595,0.5677832018202797,0.9711575913244396,0.8777167707107554,1.9746116492447898,0.8124394897881096
2,49.900000000000006,0.09855560605786984,0.56828480820307,0.9909115879676746,0.8777167707107554,1.9746116492447898,0.8124394897881096
3,0.0,0.0006248791584440028,1.0187120356657413,1.016563748416897,0.1795901066105463,1.4281307108294563,1.3789877323520772
3,0.1,0.0020818768051419356,1.037392391518304,1.0330998963369526,0.1795901066105463,1.4281307108294563,1.3789877323520772
3,0.2,0.00436865210684001,1.0560182414607238,1.04958779512814,0.1795901066105463,1.4281307108294563,1.3789877323520772
3,0.30000000000000004,0.009352026241385314,1.093207815997853,1.082508598548792,0.1795901066105463,1.4281307108294563,1.3789877323520772
3,0.4,0.016811504390835896,1.130164419536424,1.1152231734424927,0.1795901066105463,1.4281307108294563,1.3789877323520772
3,0.5,0.026728441744639175,1.1667956798144732,1.1476497504096559,0.1795901066105463,1.4281307108294563,1.3789877323520772
3,0.6000000000000001,0.039078051124051605,1.203010037758497,1.1797072798952986,0.1795901066105463,1.4281307108294563,1.3789877323520772
3,0.7000000000000001,0.05382946493717711,1.2387169763337085,1.211315634770945,0.1795901066105463,1.4281307108294563,1.3789877323520772
3,0.8,0.07094581233187058,1.2738272467894836,1.2423958106107194,0.1795901066105463,1.4281307108294563,1.3789877323520772
3,0.9,0.09038431135366676,1.3082530917347583,1.2728701231612647,0.1795901066105463,1.4281307108294563,1.3789877323520772
3,1.0,0.10155527906641804,1.3220750197303364,1.2959569171975716,0.8191236033394975,0.01668950908339084,0.98039878614857
3,1.1,0.10443079386857024,1.3152584831545495,1.3115984877579192,0.8191236033394975,0.01668950908339084,0.98039878614857
3,1.2000000000000002,0.09900366847065722,1.2878205197988537,1.319755739061879,0.8191236033394975,0.01668950908339084,0.98039878614857
3,1.3,0.08528746785978136,1.239829710282223,1.3204082822294056,0.8191236033394975,0.01668950908339084,0.98039878614857
3,1.4000000000000001,0.07385757220617806,1.1912394513907858,1.3202599715567664,0.8191236033394975,0.01668950908339084,0.98039878614857
3,1.5,0.06474255029640696,1.1421711934664522,1.3193111777434043,0.8191236033394975,0.01668950908339084,0.98039878614857
3,1.6,0.057965184938230774,1.092747581599779,1.3175642722797303,0.8191236033394975,0.01668950908339084,0.98039878614857
3,1.7000000000000002,0.05058518647301802,1.049098275722339,1.3057328847590282,0.8191236033394975,0.01668950908339084,0.98039878614857
3,1.8,0.042757252537389046,1.0105980872688478,1.2843056132847335,0.8191236033394975,0.01668950908339084,0.98039878614857
3,1.9000000000000001,0.03479362468235592,0.9760371113438251,1.254351025913149,0.8191236033394975,0.01668950908339084,0.98039878614857
3,2.0,0.026882053545256746,0.9448688654872534,1.216550768431092,0.8191236033394975,0.01668950908339084,0.98039878614857
3,2.1,0.022326692823352645,0.9100930643784015,1.1815599857818482,0.8191236033394975,0.01668950908339084,0.98039878614857
3,2.2,0.02117610011596094,0.8720359903878694,1.1497378559665394,0.8191236033394975,0.01668950908339084,0.98039878614857
3,2.3000000000000003,0.02345178964066652,0.8313145675695751,1.1216193935162448,0.8191236033394975,0.01668950908339084,0.98039878614857
3,2.4000000000000004,0.02913071366897524,0.7883333702454433,1.0974804623755323,0.8191236033394975,0.01668950908339084,0.98039878614857
3,2.5,0.0380079879880747,0.7440003486970437,1.0769430001121514,0.8191236033394975,0.01668950908339084,0.98039878614857
3,2.6,0.050097404010839175,0.6985653819494844,1.0609446642641929,0.8191236033394975,0.01668950908339084,0.98039878614857
3,2.7,0.06513554454408421,0.6528252903310885,1.0488857225035928,0.8191236033394975,0.01668950908339084,0.98039878614857
3,2.8000000000000003,0.08298946537772167,0.6071757291755409,1.0408002744604192,0.8191236033394975,0.01668950908339084,0.98039878614857
3,2.9000000000000004,0.10347819683294412,0.5620024019411487,1.0358769951061932,0.8191236033394975,0.01668950908339084,0.98039878614857
3,3.0,0.1263405539344019,0.5177752498327192,1.0325111860213205,0.8191236033394975,0.01668950908339084,0.98039878614857
3,3.1,0.15144125120353724,0.4747058774726437,1.0298804939314887,0.8191236033394975,0.01668950908339084,0.98039878614857
3,3.2,0.1786632102793836,0.4329496491864009,1.0271751051357583,0.8191236033394975,0.01668950908339084,0.98039878614857
3,3.3000000000000003,0.20793756134977492,0.392611967655622,1.0244018570037674,0.8191236033394975,0.01668950908339084,0.98039878614857
3,3.4000000000000004,0.23919168020760517,0.35379246159241107,1.0215676162864538,0.8191236033394975,0.01668950908339084,0.98039878614857
3,3.5,0.2723474751461077,0.3165881773238355,1.0186794661737126,0.8191236033394975,0.01668950908339084,0.98039878614857
3,3.6,0.30732128430035277,0.28109313886329357,1.0157446986913006,0.8191236033394975,0.01668950908339084,0.98039878614857
3,3.7,0.3440264051407531,0.2473949715246927,1.0127705783245253,0.8191236033394975,0.01668950908339084,0.98039878614857
3,3.8000000000000003,0.3823711183438573,0.21557792480815818,1.0097645381627272,0.8191236033394975,0.01668950908339084,0.98039878614857
3,3.9000000000000004,0.4222595820961983,0.18572152476048376,1.0067340917407954,0.8191236033394975,0.01668950908339084,0.98039878614857
3,4.0,0.46359209601190554,0.15790039683287604,1.003686813596559,0.8191236033394975,0.01668950908339084,0.98039878614857
3,4.1000000000000005,0.5062653503317469,0.1321840793561906,1.0006303203383864,0.8191236033394975,0.01668950908339084,0.98039878614857
3,4.2,0.550172684143724,0.10863684973131993,0.9975722516076325,0.8191236033394975,0.01668950908339084,0.98039878614857
3,4.3,0.5952043519798044,0.087317563769166,0.9945202509835125,0.8191236033394975,0.01668950908339084,0.98039878614857
3,4.4,0.641247798122437,0.0682795085817649,0.9914819468781356,0.8191236033394975,0.01668950908339084,0.98039878614857
3,4.5,0.6697276662586787,0.05697950503967264,0.9997179513022372,0.8316598450684378,1.7763435050399234,1.6074144832154926
3,4.6000000000000005,0.6805727715502174,0.05344579726681631,1.0192076785339852,0.8316598450684378,1.7763435050399234,1.6074144832154926
3,4.7,0.673756006881846,0.05768721769230878,1.049902414405354,0.8316598450684378,1.7763435050399234,1.6074144832154926
3,4.800000000000001,0.6492944106151328,0.06969316497397515,1.0917254380621744,0.8316598450684378,1.7763435050399234,1.6074144832154926
3,4.9,0.6257093956779416,0.084024394848773,1.1333191958935243,0.8316598450684378,1.7763435050399234,1.6074144832154926
3,5.0,0.6030599123247771,0.10064508670557515,1.1745797251664352,0.8316598450684378,1.7763435050399234,1.6074144832154926
3,5.1000000000000005,0.581402572468399,0.11951369747062879,1.2154038960457934,0.8316598450684378,1.7763435050399234,1.6074144832154926
3,5.2,0.5607915081795241,0.14058306544360388,1.2556896693652178,0.8316598450684378,1.7763435050399234,1.6074144832154926
3,5.300000000000001,0.5412782363848393,0.16380052817728263,1.2953363516718344,0.8316598450684378,1.7763435050399234,1.6074144832154926
3,5.4,0.5229115301015163,0.18910805410625176,1.3342448469074704,0.8316598450684378,1.7763435050399234,1.6074144832154926
3,5.5,0.5057372965300674,0.21644238759559342,1.3723179040971887,0.8316598450684378,1.7763435050399234,1.6074144832154926
3,5.6000000000000005,0.48979846231025337,0.2457352070470299,1.4094603604260802,0.8316598450684378,1.7763435050399234,1.6074144832154926
3,5.7,0.4751348662268394,0.27691329566733835,1.4455793790967402,0.8316598450684378,1.7763435050399234,1.6074144832154926
3,5.800000000000001,0.4617831596333807,0.30989872447220246,1.4805846813729129,0.8316598450684378,1.7763435050399234,1.6074144832154926
3,5.9,0.4497767148429266,0.34460904706808937,1.5143887722293172,0.8316598450684378,1.7763435050399234,1.6074144832154926
3,6.0,0.4391455417146175,0.3809575057252961,1.546907159043642,0.8316598450684378,1.7763435050399234,1.6074144832154926
3,6.1000000000000005,0.4299162126446665,0.4188532482270906,1.5780585627841002,0.8316598450684378,1.7763435050399234,1.6074144832154926
3,6.2,0.4221117961492067,0.4582015549529399,1.6077651211646782,0.8316598450684378,1.7763435050399234,1.6074144832154926
3,6.300000000000001,0.41575179920501526,0.498904075628231,1.6359525832603008,0.8316598450684378,1.7763435050399234,1.6074144832154926
3,6.4,0.41085211849223013,0.540859075148739,1.6625504950954755,0.8316598450684378,1.7763435050399234,1.6074144832154926
3,6.5,0.407425000660929,0.583961687865404,1.687492375742539,0.8316598450684378,1.7763435050399234,1.6074144832154926
3,6.6000000000000005,0.40547901172088174,0.6281041796938409,1.7107158834893545,0.8316598450684378,1.7763435050399234,1.6074144832154926
3,6.7,0.40501901563098697,0.6731762173934441,1.7321629716611233,0.8316598450684378,1.7763435050399234,1.6074144832154926
3,6.800000000000001,0.40604616214190803,0.7190651443430279,1.751780033706844,0.8316598450684378,1.7763435050399234,1.6074144832154926
3,6.9,0.4085578839222952,0.7656562621237097,1.7695180371877708,0.8316598450684378,1.7763435050399234,1.6074144832154926
3,7.0,0.4125479029757767,0.8128331172052228,1.7853326463329746,0.8316598450684378,1.7763435050399234,1.6074144832154926
3,7.1000000000000005,0.418006246332681,0.8604777920190947,1.7991843328556818,0.8316598450684378,1.7763435050399234,1.6074144832154926
3,7.2,0.4249192709772658,0.9084711996911574,1.8110384747534045,0.8316598450684378,1.7763435050399234,1.6074144832154926
3,7.300000000000001,0.4332696979481535,0.9566933816967146,1.8208654428449162,0.8316598450684378,1.7763435050399234,1.6074144832154926
3,7.4,0.4430366555267351,1.0050238076943792,1.8286406748277741,0.8316598450684378,1.7763435050399234,1.6074144832154926
3,7.5,0.4541957314055971,1.0533416767891561,1.8343447366712842,0.8316598450684378,1.7763435050399234,1.6074144832154926
3,7.6000000000000005,0.4667190337065771,1.1015262194717685,1.8379633711914547,0.8316598450684378,1.7763435050399234,1.6074144832154926
3,7.7,0.48057526069593215,1.1494569994795345,1.8394875336865342,0.8316598450684378,1.7763435050399234,1.6074144832154926
3,7.800000000000001,0.4957297790223725,1.1970142148243024,1.838913414544053,0.8316598450684378,1.7763435050399234,1.6074144832154926
3,7.9,0.5121447102824026,1.244078997235029,1.8362424487628728,0.8316598450684378,1.7763435050399234,1.6074144832154926
3,8.0,0.5297790256966033,1.2905337092665525,1.8314813123664337,0.8316598450684378,1.7763435050399234,1.6074144832154926
3,8.1,0.548588648660213,1.3362622383319407,1.8246419057161747,0.8316598450684378,1.7763435050399234,1.6074144832154926
3,8.200000000000001,0.5685265649116849,1.3811502869234873,1.815741323766828,0.8316598450684378,1.7763435050399234,1.6074144832154926
3,8.3,0.5895429400438565,1.4250856582969573,1.804801813337933,0.8316598450684378,1.7763435050399234,1.6074144832154926
3,8.4,0.611585244064014,1.4679585369050163,1.7918507175083755,0.8316598450684378,1.7763435050399234,1.6074144832154926
3,8.5,0.6345983826915169,1.5096617628789077,1.7769204072729285,0.8316598450684378,1.7763435050399234,1.6074144832154926
3,8.6,0.6585248350648074,1.5500910998723167,1.7600482006316258,0.8316598450684378,1.7763435050399234,1.6074144832154926
3,8.700000000000001,0.6833047975136077,1.5891454955979518,1.741276269314195,0.8316598450684378,1.7763435050399234,1.6074144832154926
3,8.8,0.708876333036951,1.626727334405635,1.7206515333726968,0.8316598450684378,1.7763435050399234,1.6074144832154926
3,8.9,0.727910827268579,1.645180529969497,1.712967371624869,0.8626316013001679,0.6100084670549419,1.9105144300173433
3,9.0,0.7403607038858859,1.6444589589108674,1.718242990473247,0.8626316013001679,0.6100084670549419,1.9105144300173433
3,9.1,0.7461948446810988,1.6245644247816051,1.7364652036181991,0.8626316013001679,0.6100084670549419,1.9105144300173433
3,9.200000000000001,0.7453986673405911,1.5855466535561604,1.7675884650168077,0.8626316013001679,0.6100084670549419,1.9105144300173433
3,9.3,0.7452388607379212,1.5450653206436276,1.7967931550052192,0.8626316013001679,0.6100084670549419,1.9105144300173433
3,9.4,0.74571582430637,1.5032216082940173,1.824006277067971,0.8626316013001679,0.6100084670549419,1.9105144300173433
3,9.5,0.746828365885414,1.4601201039964191,1.8491598125722266,0.8626316013001679,0.6100084670549419,1.9105144300173433
3,9.600000000000001,0.7485737047005064,1.415868539064748,1.8721908907789326,0.8626316013001679,0.6100084670549419,1.9105144300173433
3,9.700000000000001,0.7509474783135641,1.3705775193655634,1.8930419459869268,0.8626316013001679,0.6100084670549419,1.9105144300173433
3,9.8,0.7539437535267921,1.324360248861006,1.9116608614172084,0.8626316013001679,0.6100084670549419,1.9105144300173433
3,9.9,0.7575550412125869,1.2773322466578485,1.9280010994777452,0.8626316013001679,0.6100084670549419,1.9105144300173433
3,10.0,0.7617723150324567,1.2296110582698883,1.9420218180832178,0.8626316013001679,0.6100084670549419,1.9105144300173433
3,10.100000000000001,0.7665850339981652,1.1813159618153808,1.9536879727389613,0.8626316013001679,0.6100084670549419,1.9105144300173433
3,10.200000000000001,0.771981168818714,1.1325676698838623,1.9629704041339524,0.8626316013001679,0.6100084670549419,1.9105144300173433
3,10.3,0.7779472319673044,1.083488027817542,1.9698459110239004,0.8626316013001679,0.6100084670549419,1.9105144300173433
3,10.4,0.7844683113931303,1.0341997091614024,1.9742973082222752,0.8626316013001679,0.6100084670549419,1.9105144300173433
3,10.5,0.7915281077937399,0.9848259090432234,1.9763134695543236,0.8626316013001679,0.6100084670549419,1.9105144300173433
3,10.600000000000001,0.7991089753548025,0.9354900362499227,1.975889355666712,0.8626316013001679,0.6100084670549419,1.9105144300173433
3,10.700000000000001,0.8071919658554549,0.8863154047698574,1.9730260266232855,0.8626316013001679,0.6100084670549419,1.9105144300173433
3,10.8,0.8157568760289856,0.8374249255720747,1.9677306392554594,0.8626316013001679,0.6100084670549419,1.9105144300173433
3,10.9,0.8247822980604798,0.7889407993928998,1.9600164292738689,0.8626316013001679,0.6100084670549419,1.9105144300173433
3,11.0,0.820330489335506,0.7489003723205088,1.949902558607092,0.5655405229589501,1.0309529147314187,0.09984063639883922
3,11.100000000000001,0.8024125770574198,0.7174037245699312,1.9374143066645932,0.5655405229589501,1.0309529147314187,0.09984063639883922
3,11.200000000000001,0.7710733466754478,0.6945295813574063,1.9225828875724733,0.5655405229589501,1.0309529147314187,0.09984063639883922
3,11.3,0.7263911299443893,0.6803351161283421,1.9054453721544087,0.5655405229589501,1.0309529147314187,0.09984063639883922
3,11.4,0.682392792895725,0.6669396466307036,1.8860447148527921,0.5655405229589501,1.0309529147314187,0.09984063639883922
3,11.5,0.6391883084581853,0.6543766545620096,1.864429407207211,0.5655405229589501,1.0309529147314187,0.09984063639883922
3,11.600000000000001,0.5968856653424037,0.6426775408597517,1.8406534762297442,0.5655405229589501,1.0309529147314187,0.09984063639883922
3,11.700000000000001,0.555590598125379,0.6318715472154051,1.8147763493655704,0.5655405229589501,1.0309529147314187,0.09984063639883922
3,11.8,0.5195112592257609,0.6352289818521755,1.7961052729345115,0.5655405229589501,1.0309529147314187,0.09984063639883922
3,11.9,0.4878530328946503,0.6523410328103886,1.7839144920154737,0.5655405229589501,1.0309529147314187,0.09984063639883922
3,12.0,0.4598599061265659,0.682649677466905,1.7774498193630106,0.5655405229589501,1.0309529147314187,0.09984063639883922
3,12.100000000000001,0.43481833485549204,0.7254434628361195,1.7759379050023152,0.5655405229589501,1.0309529147314187,0.09984063639883922
3,12.200000000000001,0.40795873313845443,0.7666100900884613,1.769355645665112,0.5655405229589501,1.0309529147314187,0.09984063639883922
3,12.3,0.37994830160393445,0.8060910808706878,1.7581696204680681,0.5655405229589501,1.0309529147314187,0.09984063639883922
3,12.4,0.35105025212367025,0.843345157917671,1.7424352118708506,0.5655405229589501,1.0309529147314187,0.09984063639883922
3,12.5,0.3215542531319623,0.8778229398775242,1.7222729078110848,0.5655405229589501,1.0309529147314187,0.09984063639883922
3,12.600000000000001,0.2917810745828413,0.9089794033652995,1.697879731318745,0.5655405229589501,1.0309529147314187,0.09984063639883922
3,12.700000000000001,0.2618954836115477,0.936473380772809,1.6693686425734906,0.5655405229589501,1.0309529147314187,0.09984063639883922
3,12.8,0.23227276634310356,0.959798119592046,1.637077396106831,0.5655405229589501,1.0309529147314187,0.09984063639883922
3,12.9,0.2034231458042387,0.9792701717896656,1.6016019198338165,0.5655405229589501,1.0309529147314187,0.09984063639883922
3,13.0,0.17570764035407815,0.9945383493205203,1.563384431011363,0.5655405229589501,1.0309529147314187,0.09984063639883922
3,13.100000000000001,0.1493322565959676,1.0054052227060664,1.5227094353186454,0.5655405229589501,1.0309529147314187,0.09984063639883922
3,13.200000000000001,0.12466999954582292,1.0124502831824747,1.4801309469398136,0.5655405229589501,1.0309529147314187,0.09984063639883922
3,13.3,0.10191303144385133,1.016372991288432,1.4359496663902909,0.5655405229589501,1.0309529147314187,0.09984063639883922
3,13.4,0.0813094884709249,1.0186869456582492,1.3905601763452133,0.5655405229589501,1.0309529147314187,0.09984063639883922
3,13.5,0.06296851648023516,1.0201649256186338,1.3441572510809174,0.5655405229589501,1.0309529147314187,0.09984063639883922
3,13.600000000000001,0.04697023204927264,1.0215924628692026,1.2968952688350708,0.5655405229589501,1.0309529147314187,0.09984063639883922
3,13.700000000000001,0.03335399539914463,1.022966030842199,1.248891215044208,0.5655405229589501,1.0309529147314187,0.09984063639883922
3,13.8,0.022153870341011128,1.0242821956985677,1.2002650628357736,0.5655405229589501,1.0309529147314187,0.09984063639883922
3,13.9,0.01339785135460514,1.0255376677116128,1.1511383522662784,0.5655405229589501,1.0309529147314187,0.09984063639883922
3,14.0,0.007107823927346435,1.0267293088551392,1.1016338745274497,0.5655405229589501,1.0309529147314187,0.09984063639883922
3,14.100000000000001,0.0032995098520198773,1.0278541406468829,1.051875365032201,0.5655405229589501,1.0309529147314187,0.09984063639883922
3,14.200000000000001,0.001982427930482311,1.0289093515931653,1.0019871941405398,0.5655405229589501,1.0309529147314187,0.09984063639883922
3,14.3,0.003159870181614788,1.0298923042161638,0.9520940562984379,0.5655405229589501,1.0309529147314187,0.09984063639883922
3,14.4,0.0068288936129891065,1.0308005416462334,0.9023206583666566,0.5655405229589501,1.0309529147314187,0.09984063639883922
3,14.5,0.012980327576817441,1.031631793762799,0.852791407918541,0.5655405229589501,1.0309529147314187,0.09984063639883922
3,14.600000000000001,0.021598796691795208,1.0323839828684778,0.8036301022858763,0.5655405229589501,1.0309529147314187,0.09984063639883922
3,14.700000000000001,0.032662759273547115,1.0330552288822372,0.7549596191300312,0.5655405229589501,1.0309529147314187,0.09984063639883922
3,14.8,0.04614456117761856,1.0336438540386217,0.7069016093117975,0.5655405229589501,1.0309529147314187,0.09984063639883922
3,14.9,0.06201050492043636,1.0341483870812902,0.6595761928275933,0.5655405229589501,1.0309529147314187,0.09984063639883922
3,15.0,0.08022093390546736,1.0345675669403913,0.6131016585720286,0.5655405229589501,1.0309529147314187,0.09984063639883922
3,15.100000000000001,0.10073033154405686,1.0349003458845827,0.5675941686772725,0.5655405229589501,1.0309529147314187,0.09984063639883922
3,15.200000000000001,0.12348743502319659,1.0351458921398111,0.5231674681682198,0.5655405229589501,1.0309529147314187,0.09984063639883922
3,15.3,0.1484353634358584,1.035303591968317,0.4799326006591643,0.5655405229589501,1.0309529147314187,0.09984063639883922
3,15.4,0.175511759953641,1.0353730512026573,0.43799763080259513,0.5655405229589501,1.0309529147314187,0.09984063639883922
3,15.5,0.20464894768636477,1.0353540962309198,0.3974673741838436,0.5655405229589501,1.0309529147314187,0.09984063639883922
3,15.600000000000001,0.23577409883905187,1.0352467744306626,0.3584431353367068,0.5655405229589501,1.0309529147314187,0.09984063639883922
3,15.700000000000001,0.2688094167434858,1.0350513540504938,0.3210224545348721,0.5655405229589501,1.0309529147314187,0.09984063639883922
3,15.8,0.30367233030936647,1.0347683235395913,0.2852988639920303,0.5655405229589501,1.0309529147314187,0.09984063639883922
3,15.9,0.34027570040903377,1.0343983903268323,0.25136165408005184,0.5655405229589501,1.0309529147314187,0.09984063639883922
3,16.0,0.37852803767990495,1.033942479052592,0.21929565014955965,0.5655405229589501,1.0309529147314187,0.09984063639883922
3,16.1,0.39774083973441077,1.0318375179639334,0.2031246544927342,0.13399769752186508,0.8655895284178239,1.4816366236402978
3,16.2,0.3978660845732487,1.028088768367336,0.20288908617702583,0.13399769752186508,0.8655895284178239,1.4816366236402978
3,16.3,0.37890345914954804,1.0227056001844803,0.21858953400054237,0.13399769752186508,0.8655895284178239,1.4816366236402978
3,16.400000000000002,0.34090036015132363,1.0157014685323233,0.2501867550203599,0.13399769752186508,0.8655895284178239,1.4816366236402978
3,16.5,0.30454466700026406,1.0086580913860024,0.2836581186574374,0.13399769752186508,0.8655895284178239,1.4816366236402978
3,16.6,0.2699272499955677,1.0015930735202632,0.3189199639342313,0.13399769752186508,0.8655895284178239,1.4816366236402978
3,16.7,0.23713463465134443,0.9945240738003801,0.3558841546015634,0.13399769752186508,0.8655895284178239,1.4816366236402978
3,16.8,0.2062487854278906,0.9874687610441887,0.3944582994333441,0.13399769752186508,0.8655895284178239,1.4816366236402978
3,16.900000000000002,0.17734690086322547,0.9804447698592438,0.43454598315652015,0.13399769752186508,0.8655895284178239,1.4816366236402978
3,17.0,0.15050122061695048,0.9734696565654838,0.4760470074390456,0.13399769752186508,0.8655895284178239,1.4816366236402978
3,17.1,0.12577884490872104,0.9665608553135743,0.5188576413335297,0.13399769752186508,0.8655895284178239,1.4816366236402978
3,17.2,0.1032415668026434,0.959735634508611,0.5628708805505838,0.13399769752186508,0.8655895284178239,1.4816366236402978
3,17.3,0.08294571775679538,0.9530110536480999,0.6079767149138166,0.13399769752186508,0.8655895284178239,1.4816366236402978
3,17.400000000000002,0.06494202682391759,0.9464039206820984,0.6540624033279846,0.13399769752186508,0.8655895284178239,1.4816366236402978
3,17.5,0.052302528361670264,0.9414936926330475,0.6889872941241472,0.13399769752186508,0.8655895284178239,1.4816366236402978
3,17.6,0.04445946008426094,0.9382530573427772,0.7124918448145587,0.13399769752186508,0.8655895284178239,1.4816366236402978
3,17.7,0.04083307112836709,0.9366505295407274,0.7243450578141403,0.13399769752186508,0.8655895284178239,1.4816366236402978
3,17.8,0.04083307112836709,0.9366505295407274,0.7243450578141403,0.13399769752186508,0.8655895284178239,1.4816366236402978
3,17.900000000000002,0.04083307112836709,0.9366505295407274,0.7243450578141403,0.13399769752186508,0.8655895284178239,1.4816366236402978
3,18.0,0.04083307112836709,0.9366505295407274,0.7243450578141403,0.13399769752186508,0.8655895284178239,1.4816366236402978
3,18.1,0.04083307112836709,0.9366505295407274,0.7243450578141403,0.13399769752186508,0.8655895284178239,1.4816366236402978
3,18.2,0.04083307112836709,0.9366505295407274,0.7243450578141403,0.13399769752186508,0.8655895284178239,1.4816366236402978
3,18.3,0.04083307112836709,0.9366505295407274,0.7243450578141403,0.13399769752186508,0.8655895284178239,1.4816366236402978
3,18.400000000000002,0.04083307112836709,0.9366505295407274,0.7243450578141403,0.13399769752186508,0.8655895284178239,1.4816366236402978
3,18.5,0.04083307112836709,0.9366505295407274,0.7243450578141403,0.13399769752186508,0.8655895284178239,1.4816366236402978
3,18.6,0.04083307112836709,0.9366505295407274,0.7243450578141403,0.13399769752186508,0.8655895284178239,1.4816366236402978
3,18.7,0.04083307112836709,0.9366505295407274,0.7243450578141403,0.13399769752186508,0.8655895284178239,1.4816366236402978
3,18.8,0.04083307112836709,0.9366505295407274,0.7243450578141403,0.13399769752186508,0.8655895284178239,1.4816366236402978
3,18.900000000000002,0.04083307112836709,0.9366505295407274,0.7243450578141403,0.13399769752186508,0.8655895284178239,1.4816366236402978
3,19.0,0.04083307112836709,0.9366505295407274,0.7243450578141403,0.13399769752186508,0.8655895284178239,1.4816366236402978
3,19.1,0.04083307112836709,0.9366505295407274,0.7243450578141403,0.13399769752186508,0.8655895284178239,1.4816366236402978
3,19.200000000000003,0.04083307112836709,0.9366505295407274,0.7243450578141403,0.13399769752186508,0.8655895284178239,1.4816366236402978
3,19.3,0.04083307112836709,0.9366505295407274,0.7243450578141403,0.13399769752186508,0.8655895284178239,1.4816366236402978
3,19.400000000000002,0.04083307112836709,0.9366505295407274,0.7243450578141403,0.13399769752186508,0.8655895284178239,1.4816366236402978
3,19.5,0.04083307112836709,0.9366505295407274,0.7243450578141403,0.13399769752186508,0.8655895284178239,1.4816366236402978
3,19.6,0.04083307112836709,0.9366505295407274,0.7243450578141403,0.13399769752186508,0.8655895284178239,1.4816366236402978
3,19.700000000000003,0.04083307112836709,0.9366505295407274,0.7243450578141403,0.13399769752186508,0.8655895284178239,1.4816366236402978
3,19.8,0.04083307112836709,0.9366505295407274,0.7243450578141403,0.13399769752186508,0.8655895284178239,1.4816366236402978
3,19.900000000000002,0.04083307112836709,0.9366505295407274,0.7243450578141403,0.13399769752186508,0.8655895284178239,1.4816366236402978
3,20.0,0.04083307112836709,0.9366505295407274,0.7243450578141403,0.13399769752186508,0.8655895284178239,1.4816366236402978
3,20.1,0.04083307112836709,0.9366505295407274,0.7243450578141403,0.13399769752186508,0.8655895284178239,1.4816366236402978
3,20.200000000000003,0.04083307112836709,0.9366505295407274,0.7243450578141403,0.13399769752186508,0.8655895284178239,1.4816366236402978
3,20.3,0.04083307112836709,0.9366505295407274,0.7243450578141403,0.13399769752186508,0.8655895284178239,1.4816366236402978
3,20.400000000000002,0.04083307112836709,0.9366505295407274,0.7243450578141403,0.13399769752186508,0.8655895284178239,1.4816366236402978
3,20.5,0.04083307112836709,0.9366505295407274,0.7243450578141403,0.13399769752186508,0.8655895284178239,1.4816366236402978
3,20.6,0.04083307112836709,0.9366505295407274,0.7243450578141403,0.13399769752186508,0.8655895284178239,1.4816366236402978
3,20.700000000000003,0.04083307112836709,0.9366505295407274,0.7243450578141403,0.13399769752186508,0.8655895284178239,1.4816366236402978
3,20.8,0.04083307112836709,0.9366505295407274,0.7243450578141403,0.13399769752186508,0.8655895284178239,1.4816366236402978
3,20.900000000000002,0.04083307112836709,0.9366505295407274,0.7243450578141403,0.13399769752186508,0.8655895284178239,1.4816366236402978
3,21.0,0.04083307112836709,0.9366505295407274,0.7243450578141403,0.13399769752186508,0.8655895284178239,1.4816366236402978
3,21.1,0.04083307112836709,0.9366505295407274,0.7243450578141403,0.13399769752186508,0.8655895284178239,1.4816366236402978
3,21.200000000000003,0.04083307112836709,0.9366505295407274,0.7243450578141403,0.13399769752186508,0.8655895284178239,1.4816366236402978
3,21.3,0.04083307112836709,0.9366505295407274,0.7243450578141403,0.13399769752186508,0.8655895284178239,1.4816366236402978
3,21.400000000000002,0.04083307112836709,0.9366505295407274,0.7243450578141403,0.13399769752186508,0.8655895284178239,1.4816366236402978
3,21.5,0.04083307112836709,0.9366505295407274,0.7243450578141403,0.13399769752186508,0.8655895284178239,1.4816366236402978
3,21.6,0.04083307112836709,0.9366505295407274,0.7243450578141403,0.13399769752186508,0.8655895284178239,1.4816366236402978
3,21.700000000000003,0.04083307112836709,0.9366505295407274,0.7243450578141403,0.13399769752186508,0.8655895284178239,1.4816366236402978
3,21.8,0.04083307112836709,0.9366505295407274,0.7243450578141403,0.13399769752186508,0.8655895284178239,1.4816366236402978
3,21.900000000000002,0.04083307112836709,0.9366505295407274,0.7243450578141403,0.13399769752186508,0.8655895284178239,1.4816366236402978
3,22.0,0.04083307112836709,0.9366505295407274,0.7243450578141403,0.13399769752186508,0.8655895284178239,1.4816366236402978
3,22.1,0.04083307112836709,0.9366505295407274,0.7243450578141403,0.13399769752186508,0.8655895284178239,1.4816366236402978
3,22.200000000000003,0.04083307112836709,0.9366505295407274,0.7243450578141403,0.13399769752186508,0.8655895284178239,1.4816366236402978
3,22.3,0.04083307112836709,0.9366505295407274,0.7243450578141403,0.13399769752186508,0.8655895284178239,1.4816366236402978
3,22.400000000000002,0.04083307112836709,0.9366505295407274,0.7243450578141403,0.13399769752186508,0.8655895284178239,1.4816366236402978
3,22.5,0.037746399420862,0.9427300102545528,0.7348218117016911,0.13399769752186508,0.8655895284178239,1.4816366236402978
3,22.6,0.034659727713357014,0.9488094909683784,0.7452985655892419,0.13399769752186508,0.8655895284178239,1.4816366236402978
3,22.700000000000003,0.03157305600585192,0.954888971682204,0.7557753194767927,0.13399769752186508,0.8655895284178239,1.4816366236402978
3,22.8,0.028486384298346823,0.9609684523960296,0.7662520733643434,0.13399769752186508,0.8655895284178239,1.4816366236402978
3,22.900000000000002,0.028486384298346823,0.9609684523960296,0.7662520733643434,0.13399769752186508,0.8655895284178239,1.4816366236402978
3,23.0,0.028486384298346823,0.9609684523960296,0.7662520733643434,0.13399769752186508,0.8655895284178239,1.4816366236402978
3,23.1,0.028486384298346823,0.9609684523960296,0.7662520733643434,0.13399769752186508,0.8655895284178239,1.4816366236402978
3,23.200000000000003,0.028486384298346823,0.9609684523960296,0.7662520733643434,0.13399769752186508,0.8655895284178239,1.4816366236402978
3,23.3,0.028486384298346823,0.9609684523960296,0.7662520733643434,0.13399769752186508,0.8655895284178239,1.4816366236402978
3,23.400000000000002,0.028486384298346823,0.9609684523960296,0.7662520733643434,0.13399769752186508,0.8655895284178239,1.4816366236402978
3,23.5,0.028486384298346823,0.9609684523960296,0.7662520733643434,0.13399769752186508,0.8655895284178239,1.4816366236402978
3,23.6,0.028486384298346823,0.9609684523960296,0.7662520733643434,0.13399769752186508,0.8655895284178239,1.4816366236402978
3,23.700000000000003,0.028486384298346823,0.9609684523960296,0.7662520733643434,0.13399769752186508,0.8655895284178239,1.4816366236402978
3,23.8,0.028486384298346823,0.9609684523960296,0.7662520733643434,0.13399769752186508,0.8655895284178239,1.4816366236402978
3,23.900000000000002,0.028486384298346823,0.9609684523960296,0.7662520733643434,0.13399769752186508,0.8655895284178239,1.4816366236402978
3,24.0,0.028486384298346823,0.9609684523960296,0.7662520733643434,0.13399769752186508,0.8655895284178239,1.4816366236402978
3,24.1,0.028486384298346823,0.9609684523960296,0.7662520733643434,0.13399769752186508,0.8655895284178239,1.4816366236402978
3,24.200000000000003,0.028486384298346823,0.9609684523960296,0.7662520733643434,0.13399769752186508,0.8655895284178239,1.4816366236402978
3,24.3,0.028486384298346823,0.9609684523960296,0.7662520733643434,0.13399769752186508,0.8655895284178239,1.4816366236402978
3,24.400000000000002,0.028486384298346823,0.9609684523960296,0.7662520733643434,0.13399769752186508,0.8655895284178239,1.4816366236402978
3,24.5,0.028486384298346823,0.9609684523960296,0.7662520733643434,0.13399769752186508,0.8655895284178239,1.4816366236402978
3,24.6,0.028486384298346823,0.9609684523960296,0.7662520733643434,0.13399769752186508,0.8655895284178239,1.4816366236402978
3,24.700000000000003,0.028486384298346823,0.9609684523960296,0.7662520733643434,0.13399769752186508,0.8655895284178239,1.4816366236402978
3,24.8,0.028486384298346823,0.9609684523960296,0.7662520733643434,0.13399769752186508,0.8655895284178239,1.4816366236402978
3,24.900000000000002,0.028486384298346823,0.9609684523960296,0.7662520733643434,0.13399769752186508,0.8655895284178239,1.4816366236402978
3,25.0,0.028486384298346823,0.9609684523960296,0.7662520733643434,0.13399769752186508,0.8655895284178239,1.4816366236402978
3,25.1,0.028486384298346823,0.9609684523960296,0.7662520733643434,0.13399769752186508,0.8655895284178239,1.4816366236402978
3,25.200000000000003,0.028486384298346823,0.9609684523960296,0.7662520733643434,0.13399769752186508,0.8655895284178239,1.4816366236402978
3,25.3,0.028486384298346823,0.9609684523960296,0.7662520733643434,0.13399769752186508,0.8655895284178239,1.4816366236402978
3,25.400000000000002,0.028486384298346823,0.9609684523960296,0.7662520733643434,0.13399769752186508,0.8655895284178239,1.4816366236402978
3,25.5,0.028486384298346823,0.9609684523960296,0.7662520733643434,0.13399769752186508,0.8655895284178239,1.4816366236402978
3,25.6,0.028486384298346823,0.9609684523960296,0.7662520733643434,0.13399769752186508,0.8655895284178239,1.4816366236402978
3,25.700000000000003,0.028486384298346823,0.9609684523960296,0.7662520733643434,0.13399769752186508,0.8655895284178239,1.4816366236402978
3,25.8,0.028486384298346823,0.9609684523960296,0.7662520733643434,0.13399769752186508,0.8655895284178239,1.4816366236402978
3,25.900000000000002,0.028486384298346823,0.9609684523960296,0.7662520733643434,0.13399769752186508,0.8655895284178239,1.4816366236402978
3,26.0,0.028486384298346823,0.9609684523960296,0.7662520733643434,0.13399769752186508,0.8655895284178239,1.4816366236402978
3,26.1,0.028486384298346823,0.9609684523960296,0.7662520733643434,0.13399769752186508,0.8655895284178239,1.4816366236402978
3,26.200000000000003,0.028486384298346823,0.9609684523960296,0.7662520733643434,0.13399769752186508,0.8655895284178239,1.4816366236402978
3,26.3,0.028486384298346823,0.9609684523960296,0.7662520733643434,0.13399769752186508,0.8655895284178239,1.4816366236402978
3,26.400000000000002,0.028486384298346823,0.9609684523960296,0.7662520733643434,0.13399769752186508,0.8655895284178239,1.4816366236402978
3,26.5,0.028486384298346823,0.9609684523960296,0.7662520733643434,0.13399769752186508,0.8655895284178239,1.4816366236402978
3,26.6,0.028486384298346823,0.9609684523960296,0.7662520733643434,0.13399769752186508,0.8655895284178239,1.4816366236402978
3,26.700000000000003,0.028486384298346823,0.9609684523960296,0.7662520733643434,0.13399769752186508,0.8655895284178239,1.4816366236402978
3,26.8,0.028486384298346823,0.9609684523960296,0.7662520733643434,0.13399769752186508,0.8655895284178239,1.4816366236402978
3,26.900000000000002,0.028486384298346823,0.9609684523960296,0.7662520733643434,0.13399769752186508,0.8655895284178239,1.4816366236402978
3,27.0,0.028486384298346823,0.9609684523960296,0.7662520733643434,0.13399769752186508,0.8655895284178239,1.4816366236402978
3,27.1,0.028486384298346823,0.9609684523960296,0.7662520733643434,0.13399769752186508,0.8655895284178239,1.4816366236402978
3,27.200000000000003,0.028486384298346823,0.9609684523960296,0.7662520733643434,0.13399769752186508,0.8655895284178239,1.4816366236402978
3,27.3,0.028486384298346823,0.9609684523960296,0.7662520733643434,0.13399769752186508,0.8655895284178239,1.4816366236402978
3,27.400000000000002,0.028486384298346823,0.9609684523960296,0.7662520733643434,0.13399769752186508,0.8655895284178239,1.4816366236402978
3,27.5,0.028486384298346823,0.9609684523960296,0.7662520733643434,0.13399769752186508,0.8655895284178239,1.4816366236402978
3,27.6,0.02604076376551434,0.9674181015741847,0.7766766100776996,0.13399769752186508,0.8655895284178239,1.4816366236402978
3,27.700000000000003,0.02359514323268197,0.9738677507523399,0.7871011467910558,0.13399769752186508,0.8655895284178239,1.4816366236402978
3,27.8,0.021149522699849488,0.980317399930495,0.797525683504412,0.13399769752186508,0.8655895284178239,1.4816366236402978
3,27.900000000000002,0.018703902167017006,0.9867670491086502,0.8079502202177682,0.13399769752186508,0.8655895284178239,1.4816366236402978
3,28.0,0.018703902167017006,0.9867670491086502,0.8079502202177682,0.13399769752186508,0.8655895284178239,1.4816366236402978
3,28.1,0.018703902167017006,0.9867670491086502,0.8079502202177682,0.13399769752186508,0.8655895284178239,1.4816366236402978
3,28.200000000000003,0.018703902167017006,0.9867670491086502,0.8079502202177682,0.13399769752186508,0.8655895284178239,1.4816366236402978
3,28.3,0.018703902167017006,0.9867670491086502,0.8079502202177682,0.13399769752186508,0.8655895284178239,1.4816366236402978
3,28.400000000000002,0.018703902167017006,0.9867670491086502,0.8079502202177682,0.13399769752186508,0.8655895284178239,1.4816366236402978
3,28.5,0.018703902167017006,0.9867670491086502,0.8079502202177682,0.13399769752186508,0.8655895284178239,1.4816366236402978
3,28.6,0.018703902167017006,0.9867670491086502,0.8079502202177682,0.13399769752186508,0.8655895284178239,1.4816366236402978
3,28.700000000000003,0.018703902167017006,0.9867670491086502,0.8079502202177682,0.13399769752186508,0.8655895284178239,1.4816366236402978
3,28.8,0.018703902167017006,0.9867670491086502,0.8079502202177682,0.13399769752186508,0.8655895284178239,1.4816366236402978
3,28.900000000000002,0.018703902167017006,0.9867670491086502,0.8079502202177682,0.13399769752186508,0.8655895284178239,1.4816366236402978
3,29.0,0.018703902167017006,0.9867670491086502,0.8079502202177682,0.13399769752186508,0.8655895284178239,1.4816366236402978
3,29.1,0.018703902167017006,0.9867670491086502,0.8079502202177682,0.13399769752186508,0.8655895284178239,1.4816366236402978
3,29.200000000000003,0.018703902167017006,0.9867670491086502,0.8079502202177682,0.13399769752186508,0.8655895284178239,1.4816366236402978
3,29.3,0.018703902167017006,0.9867670491086502,0.8079502202177682,0.13399769752186508,0.8655895284178239,1.4816366236402978
3,29.400000000000002,0.018703902167017006,0.9867670491086502,0.8079502202177682,0.13399769752186508,0.8655895284178239,1.4816366236402978
3,29.5,0.018703902167017006,0.9867670491086502,0.8079502202177682,0.13399769752186508,0.8655895284178239,1.4816366236402978
3,29.6,0.018703902167017006,0.9867670491086502,0.8079502202177682,0.13399769752186508,0.8655895284178239,1.4816366236402978
3,29.700000000000003,0.018703902167017006,0.9867670491086502,0.8079502202177682,0.13399769752186508,0.8655895284178239,1.4816366236402978
3,29.8,0.018703902167017006,0.9867670491086502,0.8079502202177682,0.13399769752186508,0.8655895284178239,1.4816366236402978
3,29.900000000000002,0.018703902167017006,0.9867670491086502,0.8079502202177682,0.13399769752186508,0.8655895284178239,1.4816366236402978
3,30.0,0.018703902167017006,0.9867670491086502,0.8079502202177682,0.13399769752186508,0.8655895284178239,1.4816366236402978
3,30.1,0.018703902167017006,0.9867670491086502,0.8079502202177682,0.13399769752186508,0.8655895284178239,1.4816366236402978
3,30.200000000000003,0.018703902167017006,0.9867670491086502,0.8079502202177682,0.13399769752186508,0.8655895284178239,1.4816366236402978
3,30.3,0.018703902167017006,0.9867670491086502,0.8079502202177682,0.13399769752186508,0.8655895284178239,1.4816366236402978
3,30.400000000000002,0.018703902167017006,0.9867670491086502,0.8079502202177682,0.13399769752186508,0.8655895284178239,1.4816366236402978
3,30.5,0.018703902167017006,0.9867670491086502,0.8079502202177682,0.13399769752186508,0.8655895284178239,1.4816366236402978
3,30.6,0.018703902167017006,0.9867670491086502,0.8079502202177682,0.13399769752186508,0.8655895284178239,1.4816366236402978
3,30.700000000000003,0.018703902167017006,0.9867670491086502,0.8079502202177682,0.13399769752186508,0.8655895284178239,1.4816366236402978
3,30.8,0.018703902167017006,0.9867670491086502,0.8079502202177682,0.13399769752186508,0.8655895284178239,1.4816366236402978
3,30.900000000000002,0.018703902167017006,0.9867670491086502,0.8079502202177682,0.13399769752186508,0.8655895284178239,1.4816366236402978
3,31.0,0.018703902167017006,0.9867670491086502,0.8079502202177682,0.13399769752186508,0.8655895284178239,1.4816366236402978
3,31.1,0.018703902167017006,0.9867670491086502,0.8079502202177682,0.13399769752186508,0.8655895284178239,1.4816366236402978
3,31.200000000000003,0.018703902167017006,0.9867670491086502,0.8079502202177682,0.13399769752186508,0.8655895284178239,1.4816366236402978
3,31.3,0.018703902167017006,0.9867670491086502,0.8079502202177682,0.13399769752186508,0.8655895284178239,1.4816366236402978
3,31.400000000000002,0.018703902167017006,0.9867670491086502,0.8079502202177682,0.13399769752186508,0.8655895284178239,1.4816366236402978
3,31.5,0.018703902167017006,0.9867670491086502,0.8079502202177682,0.13399769752186508,0.8655895284178239,1.4816366236402978
3,31.6,0.018703902167017006,0.9867670491086502,0.8079502202177682,0.13399769752186508,0.8655895284178239,1.4816366236402978
3,31.700000000000003,0.018703902167017006,0.9867670491086502,0.8079502202177682,0.13399769752186508,0.8655895284178239,1.4816366236402978
3,31.8,0.018703902167017006,0.9867670491086502,0.8079502202177682,0.13399769752186508,0.8655895284178239,1.4816366236402978
3,31.900000000000002,0.018703902167017006,0.9867670491086502,0.8079502202177682,0.13399769752186508,0.8655895284178239,1.4816366236402978
3,32.0,0.018703902167017006,0.9867670491086502,0.8079502202177682,0.13399769752186508,0.8655895284178239,1.4816366236402978
3,32.1,0.018703902167017006,0.9867670491086502,0.8079502202177682,0.13399769752186508,0.8655895284178239,1.4816366236402978
3,32.2,0.018703902167017006,0.9867670491086502,0.8079502202177682,0.13399769752186508,0.8655895284178239,1.4816366236402978
3,32.300000000000004,0.018703902167017006,0.9867670491086502,0.8079502202177682,0.13399769752186508,0.8655895284178239,1.4816366236402978
3,32.4,0.018703902167017006,0.9867670491086502,0.8079502202177682,0.13399769752186508,0.8655895284178239,1.4816366236402978
3,32.5,0.018703902167017006,0.9867670491086502,0.8079502202177682,0.13399769752186508,0.8655895284178239,1.4816366236402978
3,32.6,0.018703902167017006,0.9867670491086502,0.8079502202177682,0.13399769752186508,0.8655895284178239,1.4816366236402978
3,32.7,0.01677208787800366,0.9921207120046671,0.8190792986678724,0.13399769752186508,0.8655895284178239,1.4816366236402978
3,32.800000000000004,0.014840273588990316,0.9974743749006841,0.8302083771179767,0.13399769752186508,0.8655895284178239,1.4816366236402978
3,32.9,0.012908459299976971,1.0028280377967012,0.8413374555680809,0.13399769752186508,0.8655895284178239,1.4816366236402978
3,33.0,0.010976645010963626,1.008181700692718,0.8524665340181852,0.13399769752186508,0.8655895284178239,1.4816366236402978
3,33.1,0.010976645010963626,1.008181700692718,0.8524665340181852,0.13399769752186508,0.8655895284178239,1.4816366236402978
3,33.2,0.010976645010963626,1.008181700692718,0.8524665340181852,0.13399769752186508,0.8655895284178239,1.4816366236402978
3,33.300000000000004,0.010976645010963626,1.008181700692718,0.8524665340181852,0.13399769752186508,0.8655895284178239,1.4816366236402978
3,33.4,0.010976645010963626,1.008181700692718,0.8524665340181852,0.13399769752186508,0.8655895284178239,1.4816366236402978
3,33.5,0.010976645010963626,1.008181700692718,0.8524665340181852,0.13399769752186508,0.8655895284178239,1.4816366236402978
3,33.6,0.010976645010963626,1.008181700692718,0.8524665340181852,0.13399769752186508,0.8655895284178239,1.4816366236402978
3,33.7,0.010976645010963626,1.008181700692718,0.8524665340181852,0.13399769752186508,0.8655895284178239,1.4816366236402978
3,33.800000000000004,0.010976645010963626,1.008181700692718,0.8524665340181852,0.13399769752186508,0.8655895284178239,1.4816366236402978
3,33.9,0.010976645010963626,1.008181700692718,0.8524665340181852,0.13399769752186508,0.8655895284178239,1.4816366236402978
3,34.0,0.010976645010963626,1.008181700692718,0.8524665340181852,0.13399769752186508,0.8655895284178239,1.4816366236402978
3,34.1,0.010976645010963626,1.008181700692718,0.8524665340181852,0.13399769752186508,0.8655895284178239,1.4816366236402978
3,34.2,0.010976645010963626,1.008181700692718,0.8524665340181852,0.13399769752186508,0.8655895284178239,1.4816366236402978
3,34.300000000000004,0.010976645010963626,1.008181700692718,0.8524665340181852,0.13399769752186508,0.8655895284178239,1.4816366236402978
3,34.4,0.010976645010963626,1.008181700692718,0.8524665340181852,0.13399769752186508,0.8655895284178239,1.4816366236402978
3,34.5,0.010976645010963626,1.008181700692718,0.8524665340181852,0.13399769752186508,0.8655895284178239,1.4816366236402978
3,34.6,0.010976645010963626,1.008181700692718,0.8524665340181852,0.13399769752186508,0.8655895284178239,1.4816366236402978
3,34.7,0.010976645010963626,1.008181700692718,0.8524665340181852,0.13399769752186508,0.8655895284178239,1.4816366236402978
3,34.800000000000004,0.010976645010963626,1.008181700692718,0.8524665340181852,0.13399769752186508,0.8655895284178239,1.4816366236402978
3,34.9,0.010976645010963626,1.008181700692718,0.8524665340181852,0.13399769752186508,0.8655895284178239,1.4816366236402978
3,35.0,0.010976645010963626,1.008181700692718,0.8524665340181852,0.13399769752186508,0.8655895284178239,1.4816366236402978
3,35.1,0.010976645010963626,1.008181700692718,0.8524665340181852,0.13399769752186508,0.8655895284178239,1.4816366236402978
3,35.2,0.010976645010963626,1.008181700692718,0.8524665340181852,0.13399769752186508,0.8655895284178239,1.4816366236402978
3,35.300000000000004,0.010976645010963626,1.008181700692718,0.8524665340181852,0.13399769752186508,0.8655895284178239,1.4816366236402978
3,35.4,0.010976645010963626,1.008181700692718,0.8524665340181852,0.13399769752186508,0.8655895284178239,1.4816366236402978
3,35.5,0.010976645010963626,1.008181700692718,0.8524665340181852,0.13399769752186508,0.8655895284178239,1.4816366236402978
3,35.6,0.010976645010963626,1.008181700692718,0.8524665340181852,0.13399769752186508,0.8655895284178239,1.4816366236402978
3,35.7,0.010976645010963626,1.008181700692718,0.8524665340181852,0.13399769752186508,0.8655895284178239,1.4816366236402978
3,35.800000000000004,0.010976645010963626,1.008181700692718,0.8524665340181852,0.13399769752186508,0.8655895284178239,1.4816366236402978
3,35.9,0.010976645010963626,1.008181700692718,0.8524665340181852,0.13399769752186508,0.8655895284178239,1.4816366236402978
3,36.0,0.010976645010963626,1.008181700692718,0.8524665340181852,0.13399769752186508,0.8655895284178239,1.4816366236402978
3,36.1,0.010976645010963626,1.008181700692718,0.8524665340181852,0.13399769752186508,0.8655895284178239,1.4816366236402978
3,36.2,0.010976645010963626,1.008181700692718,0.8524665340181852,0.13399769752186508,0.8655895284178239,1.4816366236402978
3,36.300000000000004,0.010976645010963626,1.008181700692718,0.8524665340181852,0.13399769752186508,0.8655895284178239,1.4816366236402978
3,36.4,0.010976645010963626,1.008181700692718,0.8524665340181852,0.13399769752186508,0.8655895284178239,1.4816366236402978
3,36.5,0.010976645010963626,1.008181700692718,0.8524665340181852,0.13399769752186508,0.8655895284178239,1.4816366236402978
3,36.6,0.010976645010963626,1.008181700692718,0.8524665340181852,0.13399769752186508,0.8655895284178239,1.4816366236402978
3,36.7,0.010976645010963626,1.008181700692718,0.8524665340181852,0.13399769752186508,0.8655895284178239,1.4816366236402978
3,36.800000000000004,0.010976645010963626,1.008181700692718,0.8524665340181852,0.13399769752186508,0.8655895284178239,1.4816366236402978
3,36.9,0.010976645010963626,1.008181700692718,0.8524665340181852,0.13399769752186508,0.8655895284178239,1.4816366236402978
3,37.0,0.010976645010963626,1.008181700692718,0.8524665340181852,0.13399769752186508,0.8655895284178239,1.4816366236402978
3,37.1,0.010976645010963626,1.008181700692718,0.8524665340181852,0.13399769752186508,0.8655895284178239,1.4816366236402978
3,37.2,0.010976645010963626,1.008181700692718,0.8524665340181852,0.13399769752186508,0.8655895284178239,1.4816366236402978
3,37.300000000000004,0.010976645010963626,1.008181700692718,0.8524665340181852,0.13399769752186508,0.8655895284178239,1.4816366236402978
3,37.4,0.010976645010963626,1.008181700692718,0.8524665340181852,0.13399769752186508,0.8655895284178239,1.4816366236402978
3,37.5,0.010976645010963626,1.008181700692718,0.8524665340181852,0.13399769752186508,0.8655895284178239,1.4816366236402978
3,37.6,0.010976645010963626,1.008181700692718,0.8524665340181852,0.13399769752186508,0.8655895284178239,1.4816366236402978
3,37.7,0.010976645010963626,1.008181700692718,0.8524665340181852,0.13399769752186508,0.8655895284178239,1.4816366236402978
3,37.800000000000004,0.009582872426904476,1.0123718951707106,0.8641605353958373,0.13399769752186508,0.8655895284178239,1.4816366236402978
3,37.9,0.008189099842845327,1.016562089648703,0.8758545367734891,0.13399769752186508,0.8655895284178239,1.4816366236402978
3,38.0,0.006795327258786177,1.0207522841266954,0.8875485381511412,0.13399769752186508,0.8655895284178239,1.4816366236402978
3,38.1,0.005401554674727138,1.024942478604688,0.8992425395287932,0.13399769752186508,0.8655895284178239,1.4816366236402978
3,38.2,0.005401554674727138,1.024942478604688,0.8992425395287932,0.13399769752186508,0.8655895284178239,1.4816366236402978
3,38.300000000000004,0.005401554674727138,1.024942478604688,0.8992425395287932,0.13399769752186508,0.8655895284178239,1.4816366236402978
3,38.400000000000006,0.005401554674727138,1.024942478604688,0.8992425395287932,0.13399769752186508,0.8655895284178239,1.4816366236402978
3,38.5,0.005401554674727138,1.024942478604688,0.8992425395287932,0.13399769752186508,0.8655895284178239,1.4816366236402978
3,38.6,0.005401554674727138,1.024942478604688,0.8992425395287932,0.13399769752186508,0.8655895284178239,1.4816366236402978
3,38.7,0.005401554674727138,1.024942478604688,0.8992425395287932,0.13399769752186508,0.8655895284178239,1.4816366236402978
3,38.800000000000004,0.005401554674727138,1.024942478604688,0.8992425395287932,0.13399769752186508,0.8655895284178239,1.4816366236402978
3,38.900000000000006,0.005401554674727138,1.024942478604688,0.8992425395287932,0.13399769752186508,0.8655895284178239,1.4816366236402978
3,39.0,0.005401554674727138,1.024942478604688,0.8992425395287932,0.13399769752186508,0.8655895284178239,1.4816366236402978
3,39.1,0.005401554674727138,1.024942478604688,0.8992425395287932,0.13399769752186508,0.8655895284178239,1.4816366236402978
3,39.2,0.005401554674727138,1.024942478604688,0.8992425395287932,0.13399769752186508,0.8655895284178239,1.4816366236402978
3,39.300000000000004,0.005401554674727138,1.024942478604688,0.8992425395287932,0.13399769752186508,0.8655895284178239,1.4816366236402978
3,39.400000000000006,0.005401554674727138,1.024942478604688,0.8992425395287932,0.13399769752186508,0.8655895284178239,1.4816366236402978
3,39.5,0.005401554674727138,1.024942478604688,0.8992425395287932,0.13399769752186508,0.8655895284178239,1.4816366236402978
3,39.6,0.005401554674727138,1.024942478604688,0.8992425395287932,0.13399769752186508,0.8655895284178239,1.4816366236402978
3,39.7,0.005401554674727138,1.024942478604688,0.8992425395287932,0.13399769752186508,0.8655895284178239,1.4816366236402978
3,39.800000000000004,0.005401554674727138,1.024942478604688,0.8992425395287932,0.13399769752186508,0.8655895284178239,1.4816366236402978
3,39.900000000000006,0.005401554674727138,1.024942478604688,0.8992425395287932,0.13399769752186508,0.8655895284178239,1.4816366236402978
3,40.0,0.005401554674727138,1.024942478604688,0.8992425395287932,0.13399769752186508,0.8655895284178239,1.4816366236402978
3,40.1,0.005401554674727138,1.024942478604688,0.8992425395287932,0.13399769752186508,0.8655895284178239,1.4816366236402978
3,40.2,0.005401554674727138,1.024942478604688,0.8992425395287932,0.13399769752186508,0.8655895284178239,1.4816366236402978
3,40.300000000000004,0.005401554674727138,1.024942478604688,0.8992425395287932,0.13399769752186508,0.8655895284178239,1.4816366236402978
3,40.400000000000006,0.005401554674727138,1.024942478604688,0.8992425395287932,0.13399769752186508,0.8655895284178239,1.4816366236402978
3,40.5,0.005401554674727138,1.024942478604688,0.8992425395287932,0.13399769752186508,0.8655895284178239,1.4816366236402978
3,40.6,0.005401554674727138,1.024942478604688,0.8992425395287932,0.13399769752186508,0.8655895284178239,1.4816366236402978
3,40.7,0.005401554674727138,1.024942478604688,0.8992425395287932,0.13399769752186508,0.8655895284178239,1.4816366236402978
3,40.800000000000004,0.005401554674727138,1.024942478604688,0.8992425395287932,0.13399769752186508,0.8655895284178239,1.4816366236402978
3,40.900000000000006,0.005401554674727138,1.024942478604688,0.8992425395287932,0.13399769752186508,0.8655895284178239,1.4816366236402978
3,41.0,0.005401554674727138,1.024942478604688,0.8992425395287932,0.13399769752186508,0.8655895284178239,1.4816366236402978
3,41.1,0.005401554674727138,1.024942478604688,0.8992425395287932,0.13399769752186508,0.8655895284178239,1.4816366236402978
3,41.2,0.005401554674727138,1.024942478604688,0.8992425395287932,0.13399769752186508,0.8655895284178239,1.4816366236402978
3,41.300000000000004,0.005401554674727138,1.024942478604688,0.8992425395287932,0.13399769752186508,0.8655895284178239,1.4816366236402978
3,41.400000000000006,0.005401554674727138,1.024942478604688,0.8992425395287932,0.13399769752186508,0.8655895284178239,1.4816366236402978
3,41.5,0.005401554674727138,1.024942478604688,0.8992425395287932,0.13399769752186508,0.8655895284178239,1.4816366236402978
3,41.6,0.005401554674727138,1.024942478604688,0.8992425395287932,0.13399769752186508,0.8655895284178239,1.4816366236402978
3,41.7,0.005401554674727138,1.024942478604688,0.8992425395287932,0.13399769752186508,0.8655895284178239,1.4816366236402978
3,41.800000000000004,0.005401554674727138,1.024942478604688,0.8992425395287932,0.13399769752186508,0.8655895284178239,1.4816366236402978
3,41.900000000000006,0.005401554674727138,1.024942478604688,0.8992425395287932,0.13399769752186508,0.8655895284178239,1.4816366236402978
3,42.0,0.005401554674727138,1.024942478604688,0.8992425395287932,0.13399769752186508,0.8655895284178239,1.4816366236402978
3,42.1,0.005401554674727138,1.024942478604688,0.8992425395287932,0.13399769752186508,0.8655895284178239,1.4816366236402978
3,42.2,0.005401554674727138,1.024942478604688,0.8992425395287932,0.13399769752186508,0.8655895284178239,1.4816366236402978
3,42.300000000000004,0.005401554674727138,1.024942478604688,0.8992425395287932,0.13399769752186508,0.8655895284178239,1.4816366236402978
3,42.400000000000006,0.005401554674727138,1.024942478604688,0.8992425395287932,0.13399769752186508,0.8655895284178239,1.4816366236402978
3,42.5,0.005401554674727138,1.024942478604688,0.8992425395287932,0.13399769752186508,0.8655895284178239,1.4816366236402978
3,42.6,0.005401554674727138,1.024942478604688,0.8992425395287932,0.13399769752186508,0.8655895284178239,1.4816366236402978
3,42.7,0.005401554674727138,1.024942478604688,0.8992425395287932,0.13399769752186508,0.8655895284178239,1.4816366236402978
3,42.800000000000004,0.005401554674727138,1.024942478604688,0.8992425395287932,0.13399769752186508,0.8655895284178239,1.4816366236402978
3,42.900000000000006,0.0045634447614961715,1.0279189416102563,0.9113540315817908,0.13399769752186508,0.8655895284178239,1.4816366236402978
3,43.0,0.003725334848265316,1.030895404615825,0.9234655236347885,0.13399769752186508,0.8655895284178239,1.4816366236402978
3,43.1,0.0028872249350342383,1.0338718676213934,0.9355770156877863,0.13399769752186508,0.8655895284178239,1.4816366236402978
3,43.2,0.0020491150218033827,1.0368483306269618,0.947688507740784,0.13399769752186508,0.8655895284178239,1.4816366236402978
3,43.300000000000004,0.0020491150218033827,1.0368483306269618,0.947688507740784,0.13399769752186508,0.8655895284178239,1.4816366236402978
3,43.400000000000006,0.0020491150218033827,1.0368483306269618,0.947688507740784,0.13399769752186508,0.8655895284178239,1.4816366236402978
3,43.5,0.0020491150218033827,1.0368483306269618,0.947688507740784,0.13399769752186508,0.8655895284178239,1.4816366236402978
3,43.6,0.0020491150218033827,1.0368483306269618,0.947688507740784,0.13399769752186508,0.8655895284178239,1.4816366236402978
3,43.7,0.0020491150218033827,1.0368483306269618,0.947688507740784,0.13399769752186508,0.8655895284178239,1.4816366236402978
3,43.800000000000004,0.0020491150218033827,1.0368483306269618,0.947688507740784,0.13399769752186508,0.8655895284178239,1.4816366236402978
3,43.900000000000006,0.0020491150218033827,1.0368483306269618,0.947688507740784,0.13399769752186508,0.8655895284178239,1.4816366236402978
3,44.0,0.0020491150218033827,1.0368483306269618,0.947688507740784,0.13399769752186508,0.8655895284178239,1.4816366236402978
3,44.1,0.0020491150218033827,1.0368483306269618,0.947688507740784,0.13399769752186508,0.8655895284178239,1.4816366236402978
3,44.2,0.0020491150218033827,1.0368483306269618,0.947688507740784,0.13399769752186508,0.8655895284178239,1.4816366236402978
3,44.300000000000004,0.0020491150218033827,1.0368483306269618,0.947688507740784,0.13399769752186508,0.8655895284178239,1.4816366236402978
3,44.400000000000006,0.0020491150218033827,1.0368483306269618,0.947688507740784,0.13399769752186508,0.8655895284178239,1.4816366236402978
3,44.5,0.0020491150218033827,1.0368483306269618,0.947688507740784,0.13399769752186508,0.8655895284178239,1.4816366236402978
3,44.6,0.0020491150218033827,1.0368483306269618,0.947688507740784,0.13399769752186508,0.8655895284178239,1.4816366236402978
3,44.7,0.0020491150218033827,1.0368483306269618,0.947688507740784,0.13399769752186508,0.8655895284178239,1.4816366236402978
3,44.800000000000004,0.0020491150218033827,1.0368483306269618,0.947688507740784,0.13399769752186508,0.8655895284178239,1.4816366236402978
3,44.900000000000006,0.0020491150218033827,1.0368483306269618,0.947688507740784,0.13399769752186508,0.8655895284178239,1.4816366236402978
3,45.0,0.0020491150218033827,1.0368483306269618,0.947688507740784,0.13399769752186508,0.8655895284178239,1.4816366236402978
3,45.1,0.0020491150218033827,1.0368483306269618,0.947688507740784,0.13399769752186508,0.8655895284178239,1.4816366236402978
3,45.2,0.0020491150218033827,1.0368483306269618,0.947688507740784,0.13399769752186508,0.8655895284178239,1.4816366236402978
3,45.300000000000004,0.0020491150218033827,1.0368483306269618,0.947688507740784,0.13399769752186508,0.8655895284178239,1.4816366236402978
3,45.400000000000006,0.0020491150218033827,1.0368483306269618,0.947688507740784,0.13399769752186508,0.8655895284178239,1.4816366236402978
3,45.5,0.0020491150218033827,1.0368483306269618,0.947688507740784,0.13399769752186508,0.8655895284178239,1.4816366236402978
3,45.6,0.0020491150218033827,1.0368483306269618,0.947688507740784,0.13399769752186508,0.8655895284178239,1.4816366236402978
3,45.7,0.0020491150218033827,1.0368483306269618,0.947688507740784,0.13399769752186508,0.8655895284178239,1.4816366236402978
3,45.800000000000004,0.0020491150218033827,1.0368483306269618,0.947688507740784,0.13399769752186508,0.8655895284178239,1.4816366236402978
3,45.900000000000006,0.0020491150218033827,1.0368483306269618,0.947688507740784,0.13399769752186508,0.8655895284178239,1.4816366236402978
3,46.0,0.0020491150218033827,1.0368483306269618,0.947688507740784,0.13399769752186508,0.8655895284178239,1.4816366236402978
3,46.1,0.0020491150218033827,1.0368483306269618,0.947688507740784,0.13399769752186508,0.8655895284178239,1.4816366236402978
3,46.2,0.0020491150218033827,1.0368483306269618,0.947688507740784,0.13399769752186508,0.8655895284178239,1.4816366236402978
3,46.300000000000004,0.0020491150218033827,1.0368483306269618,0.947688507740784,0.13399769752186508,0.8655895284178239,1.4816366236402978
3,46.400000000000006,0.0020491150218033827,1.0368483306269618,0.947688507740784,0.13399769752186508,0.8655895284178239,1.4816366236402978
3,46.5,0.0020491150218033827,1.0368483306269618,0.947688507740784,0.13399769752186508,0.8655895284178239,1.4816366236402978
3,46.6,0.0020491150218033827,1.0368483306269618,0.947688507740784,0.13399769752186508,0.8655895284178239,1.4816366236402978
3,46.7,0.0020491150218033827,1.0368483306269618,0.947688507740784,0.13399769752186508,0.8655895284178239,1.4816366236402978
3,46.800000000000004,0.0020491150218033827,1.0368483306269618,0.947688507740784,0.13399769752186508,0.8655895284178239,1.4816366236402978
3,46.900000000000006,0.0020491150218033827,1.0368483306269618,0.947688507740784,0.13399769752186508,0.8655895284178239,1.4816366236402978
3,47.0,0.0020491150218033827,1.0368483306269618,0.947688507740784,0.13399769752186508,0.8655895284178239,1.4816366236402978
3,47.1,0.0020491150218033827,1.0368483306269618,0.947688507740784,0.13399769752186508,0.8655895284178239,1.4816366236402978
3,47.2,0.0020491150218033827,1.0368483306269618,0.947688507740784,0.13399769752186508,0.8655895284178239,1.4816366236402978
3,47.300000000000004,0.0020491150218033827,1.0368483306269618,0.947688507740784,0.13399769752186508,0.8655895284178239,1.4816366236402978
3,47.400000000000006,0.0020491150218033827,1.0368483306269618,0.947688507740784,0.13399769752186508,0.8655895284178239,1.4816366236402978
3,47.5,0.0020491150218033827,1.0368483306269618,0.947688507740784,0.13399769752186508,0.8655895284178239,1.4816366236402978
3,47.6,0.0020491150218033827,1.0368483306269618,0.947688507740784,0.13399769752186508,0.8655895284178239,1.4816366236402978
3,47.7,0.0020491150218033827,1.0368483306269618,0.947688507740784,0.13399769752186508,0.8655895284178239,1.4816366236402978
3,47.800000000000004,0.0020491150218033827,1.0368483306269618,0.947688507740784,0.13399769752186508,0.8655895284178239,1.4816366236402978
3,47.900000000000006,0.0020491150218033827,1.0368483306269618,0.947688507740784,0.13399769752186508,0.8655895284178239,1.4816366236402978
3,48.0,0.0017774188800461221,1.0385796405652536,0.9600650479319733,0.13399769752186508,0.8655895284178239,1.4816366236402978
3,48.1,0.0015057227382886396,1.0403109505035457,0.9724415881231627,0.13399769752186508,0.8655895284178239,1.4816366236402978
3,48.2,0.001234026596531379,1.0420422604418376,0.984818128314352,0.13399769752186508,0.8655895284178239,1.4816366236402978
3,48.300000000000004,0.0009623304547738964,1.0437735703801294,0.9971946685055414,0.13399769752186508,0.8655895284178239,1.4816366236402978
3,48.400000000000006,0.0009623304547738964,1.0437735703801294,0.9971946685055414,0.13399769752186508,0.8655895284178239,1.4816366236402978
3,48.5,0.0009623304547738964,1.0437735703801294,0.9971946685055414,0.13399769752186508,0.8655895284178239,1.4816366236402978
3,48.6,0.0009623304547738964,1.0437735703801294,0.9971946685055414,0.13399769752186508,0.8655895284178239,1.4816366236402978
3,48.7,0.0009623304547738964,1.0437735703801294,0.9971946685055414,0.13399769752186508,0.8655895284178239,1.4816366236402978
3,48.800000000000004,0.0009623304547738964,1.0437735703801294,0.9971946685055414,0.13399769752186508,0.8655895284178239,1.4816366236402978
3,48.900000000000006,0.0009623304547738964,1.0437735703801294,0.9971946685055414,0.13399769752186508,0.8655895284178239,1.4816366236402978
3,49.0,0.0009623304547738964,1.0437735703801294,0.9971946685055414,0.13399769752186508,0.8655895284178239,1.4816366236402978
3,49.1,0.0009623304547738964,1.0437735703801294,0.9971946685055414,0.13399769752186508,0.8655895284178239,1.4816366236402978
3,49.2,0.0009623304547738964,1.0437735703801294,0.9971946685055414,0.13399769752186508,0.8655895284178239,1.4816366236402978
3,49.300000000000004,0.0009623304547738964,1.0437735703801294,0.9971946685055414,0.13399769752186508,0.8655895284178239,1.4816366236402978
3,49.400000000000006,0.0009623304547738964,1.0437735703801294,0.9971946685055414,0.13399769752186508,0.8655895284178239,1.4816366236402978
3,49.5,0.0009623304547738964,1.0437735703801294,0.9971946685055414,0.13399769752186508,0.8655895284178239,1.4816366236402978
3,49.6,0.0009623304547738964,1.0437735703801294,0.9971946685055414,0.13399769752186508,0.8655895284178239,1.4816366236402978
3,49.7,0.0009623304547738964,1.0437735703801294,0.9971946685055414,0.13399769752186508,0.8655895284178239,1.4816366236402978
3,49.800000000000004,0.0010581925002273174,1.0395776458581085,1.0089676231740186,0.13399769752186508,0.8655895284178239,1.4816366236402978
3,49.900000000000006,0.0010901465153785317,1.0381790043507682,1.0128919413968442,0.13399769752186508,0.8655895284178239,1.4816366236402978
4,0.0,0.48487484873369535,0.1434286575901269,1.0175141112391686,0.2098824740615275,0.8305122431082855,1.5890570392319256
4,0.1,0.47019205753896187,0.1535881699196988,1.0349990383737204,0.2098824740615275,0.8305122431082855,1.5890570392319256
4,0.2,0.4559691226746274,0.16444032876958792,1.0524329480339902,0.2098824740615275,0.8305122431082855,1.5890570392319256
4,0.30000000000000004,0.42777941817998244,0.1864699728449135,1.0872426178437407,0.2098824740615275,0.8305122431082855,1.5890570392319256
4,0.4,0.40101996713316934,0.21053301830987903,1.121834226543959,0.2098824740615275,0.8305122431082855,1.5890570392319256
4,0.5,0.37575765422575236,0.23656932008261367,1.1561213131278558,0.2098824740615275,0.8305122431082855,1.5890570392319256
4,0.6000000000000001,0.35205562208364194,0.2645138009681295,1.1900181777353414,0.2098824740615275,0.8305122431082855,1.5890570392319256
4,0.7000000000000001,0.3299731134434136,0.29429661431741716,1.2234400958580425,0.2098824740615275,0.8305122431082855,1.5890570392319256
4,0.8,0.3095653230763198,0.32584331860769256,1.2563035301064507,0.2098824740615275,0.8305122431082855,1.5890570392319256
4,0.9,0.2908832598301062,0.35907506350743623,1.2885263390098913,0.2098824740615275,0.8305122431082855,1.5890570392319256
4,1.0,0.2739736191334583,0.39390878696115683,1.3200279823274195,0.2098824740615275,0.8305122431082855,1.5890570392319256
4,1.1,0.2588786662817467,0.43025742280127277,1.3507297223564807,0.2098824740615275,0.8305122431082855,1.5890570392319256
4,1.2000000000000002,0.2456361307958016,0.468030118368187,1.380554820736159,0.2098824740615275,0.8305122431082855,1.5890570392319256
4,1.3,0.23427911211775843,0.5071324615946221,1.4094287302531163,0.2098824740615275,0.8305122431082855,1.5890570392319256
4,1.4000000000000001,0.22483599687969114,0.5474667169866185,1.4372792811708015,0.2098824740615275,0.8305122431082855,1.5890570392319256
4,1.5,0.21733038795181603,0.5889320699113706,1.4640368616162072,0.2098824740615275,0.8305122431082855,1.5890570392319256
4,1.6,0.21242967689528114,0.6204492067581767,1.4836905730752363,0.2098824740615275,0.8305122431082855,1.5890570392319256
4,1.7000000000000002,0.2096515336875815,0.6417221967913057,1.4965054533171538,0.2098824740615275,0.8305122431082855,1.5890570392319256
4,1.8,0.20850832299200128,0.6524807143070118,1.5027636336276733,0.2098824740615275,0.8305122431082855,1.5890570392319256
4,1.9000000000000001,0.20850832299200128,0.6524807143070118,1.5027636336276733,0.2098824740615275,0.8305122431082855,1.5890570392319256
4,2.0,0.20850832299200128,0.6524807143070118,1.5027636336276733,0.2098824740615275,0.8305122431082855,1.5890570392319256
4,2.1,0.20850832299200128,0.6524807143070118,1.5027636336276733,0.2098824740615275,0.8305122431082855,1.5890570392319256
4,2.2,0.20850832299200128,0.6524807143070118,1.5027636336276733,0.2098824740615275,0.8305122431082855,1.5890570392319256
4,2.3000000000000003,0.20850832299200128,0.6524807143070118,1.5027636336276733,0.2098824740615275,0.8305122431082855,1.5890570392319256
4,2.4000000000000004,0.20850832299200128,0.6524807143070118,1.5027636336276733,0.2098824740615275,0.8305122431082855,1.5890570392319256
4,2.5,0.20850832299200128,0.6524807143070118,1.5027636336276733,0.2098824740615275,0.8305122431082855,1.5890570392319256
4,2.6,0.20850832299200128,0.6524807143070118,1.5027636336276733,0.2098824740615275,0.8305122431082855,1.5890570392319256
4,2.7,0.20850832299200128,0.6524807143070118,1.5027636336276733,0.2098824740615275,0.8305122431082855,1.5890570392319256
4,2.8000000000000003,0.20850832299200128,0.6524807143070118,1.5027636336276733,0.2098824740615275,0.8305122431082855,1.5890570392319256
4,2.9000000000000004,0.20850832299200128,0.6524807143070118,1.5027636336276733,0.2098824740615275,0.8305122431082855,1.5890570392319256
4,3.0,0.20785969154432693,0.6634563861301397,1.5087076521257352,0.2098824740615275,0.8305122431082855,1.5890570392319256
4,3.1,0.20521897262156985,0.6863314866615767,1.5179155080181397,0.45483341107005326,1.6750681431603094,1.4970677945759296
4,3.2,0.20108734589368293,0.721265994370538,1.5300500246480566,0.45483341107005326,1.6750681431603094,1.4970677945759296
4,3.3000000000000003,0.19596971752368209,0.7683897454887129,1.544766710230988,0.45483341107005326,1.6750681431603094,1.4970677945759296
4,3.4000000000000004,0.19102208961286316,0.8168264376641747,1.5557706004067589,0.45483341107005326,1.6750681431603094,1.4970677945759296
4,3.5,0.18809648517046051,0.8657209683505291,1.565385353521246,0.45483341107005326,1.6750681431603094,1.4970677945759296
4,3.6,0.18720021668395526,0.9149511266848394,1.5735869376989304,0.45483341107005326,1.6750681431603094,1.4970677945759296
4,3.7,0.18833552435779566,0.9643938629098404,1.58035485325067,0.45483341107005326,1.6750681431603094,1.4970677945759296
4,3.8000000000000003,0.1914995705140543,1.0139255959342492,1.5856721839122474,0.45483341107005326,1.6750681431603094,1.4970677945759296
4,3.9000000000000004,0.19668444668514362,1.0634225222211326,1.5895256391262216,0.45483341107005326,1.6750681431603094,1.4970677945759296
4,4.0,0.20387719338086707,1.112760925232274,1.591905587261398,0.45483341107005326,1.6750681431603094,1.4970677945759296
4,4.1000000000000005,0.21305983248039584,1.1618174846550897,1.5928060796868917,0.45483341107005326,1.6750681431603094,1.4970677945759296
4,4.2,0.2242094121682069,1.2104695846391844,1.5922248656406064,0.45483341107005326,1.6750681431603094,1.4970677945759296
4,4.3,0.23729806430166955,1.258595620272122,1.5901633978549674,0.45483341107005326,1.6750681431603094,1.4970677945759296
4,4.4,0.2522930740668885,1.3060753015283748,1.5866268289258472,0.45483341107005326,1.6750681431603094,1.4970677945759296
4,4.5,0.26915696174870063,1.3527899539317423,1.5816239984337588,0.45483341107005326,1.6750681431603094,1.4970677945759296
4,4.6000000000000005,0.28784757641044456,1.3986228151797369,1.575167410849509,0.45483341107005326,1.6750681431603094,1.4970677945759296
4,4.7,0.3083182012493497,1.443459326988531,1.5672732042795325,0.45483341107005326,1.6750681431603094,1.4970677945759296
4,4.800000000000001,0.3305176703642142,1.4871874214290066,1.5579611101290312,0.45483341107005326,1.6750681431603094,1.4970677945759296
4,4.9,0.35439049664351097,1.529697801038214,1.547254403783736,0.45483341107005326,1.6750681431603094,1.4970677945759296
4,5.0,0.3661682187812042,1.5629257467480064,1.5283408242941419,0.17661492186702243,1.544832435313591,0.8412718344520665
4,5.1000000000000005,0.3658213986056692,1.5867882059988885,1.5012676457589715,0.17661492186702243,1.544832435313591,0.8412718344520665
4,5.2,0.3533509029867242,1.601225535070062,1.466102537025124,0.17661492186702243,1.544832435313591,0.8412718344520665
4,5.300000000000001,0.3287879016689079,1.606201648157664,1.422933392550799,0.17661492186702243,1.544832435313591,0.8412718344520665
4,5.4,0.305902581036416,1.6096625728285878,1.3787071348545499,0.17661492186702243,1.544832435313591,0.8412718344520665
4,5.5,0.2847521424723851,1.61159965857357,1.3335343065480276,0.17661492186702243,1.544832435313591,0.8412718344520665
4,5.6000000000000005,0.2653894510582897,1.612008063687063,1.2875278161764443,0.17661492186702243,1.544832435313591,0.8412718344520665
4,5.7,0.2478629034387705,1.6108867673689768,1.2408026560060117,0.17661492186702243,1.544832435313591,0.8412718344520665
4,5.800000000000001,0.23221630685522665,1.6082385722761463,1.1934756146031633,0.17661492186702243,1.544832435313591,0.8412718344520665
4,5.9,0.21848876965052688,1.6040700975171505,1.145664984923959,0.17661492186702243,1.544832435313591,0.8412718344520665
4,6.0,0.20671460351852,1.5983917621079873,1.0974902686433026,0.17661492186702243,1.544832435313591,0.8412718344520665
4,6.1000000000000005,0.19692323774266884,1.5912177589299592,1.0490718774629884,0.17661492186702243,1.544832435313591,0.8412718344520665
4,6.2,0.18556322892054744,1.5784086279586944,1.0219691622524723,0.6654144440585624,0.14835008945241868,0.5965834217342376
4,6.300000000000001,0.17208493990897455,1.559146298078713,1.0152106082519388,0.6654144440585624,0.14835008945241868,0.5965834217342376
4,6.4,0.15627367635384748,1.5331171888858441,1.0282858110111701,0.6654144440585624,0.14835008945241868,0.5965834217342376
4,6.5,0.1376747529232878,1.4996913933978941,1.0599350481288936,0.6654144440585624,0.14835008945241868,0.5965834217342376
4,6.6000000000000005,0.11947494750459398,1.4625475139889903,1.087303380601459,0.6654144440585624,0.14835008945241868,0.5965834217342376
4,6.7,0.10210755020077888,1.4224085786639034,1.110676603417724,0.6654144440585624,0.14835008945241868,0.5965834217342376
4,6.800000000000001,0.08551185930593785,1.37940491234451,1.1290462936083652,0.6654144440585624,0.14835008945241868,0.5965834217342376
4,6.9,0.07006884776612787,1.3342397167912021,1.1428346507986855,0.6654144440585624,0.14835008945241868,0.5965834217342376
4,7.0,0.055977335004696815,1.2875303708515955,1.151781862547363,0.6654144440585624,0.14835008945241868,0.5965834217342376
4,7.1000000000000005,0.042882448424259256,1.2409387014713704,1.1512241385061004,0.6654144440585624,0.14835008945241868,0.5965834217342376
4,7.2,0.031491292753405786,1.1937333490716076,1.146394699612206,0.6654144440585624,0.14835008945241868,0.5965834217342376
4,7.300000000000001,0.021819973679160887,1.146469621478729,1.136494891503805,0.6654144440585624,0.14835008945241868,0.5965834217342376
4,7.4,0.014094356910740236,1.0995708140028815,1.122337525478694,0.6654144440585624,0.14835008945241868,0.5965834217342376
4,7.5,0.00878128801449718,1.052460662735869,1.107814928518429,0.6654144440585624,0.14835008945241868,0.5965834217342376
4,7.6000000000000005,0.00557229163973938,1.0064376240647877,1.0892094524062825,0.6654144440585624,0.14835008945241868,0.5965834217342376
4,7.7,0.00464243527693653,0.9612786618344851,1.0681372553758093,0.6654144440585624,0.14835008945241868,0.5965834217342376
4,7.800000000000001,0.00606775715018304,0.9168493359491994,1.0454257910274798,0.6654144440585624,0.14835008945241868,0.5965834217342376
4,7.9,0.009977484371121226,0.872629004802802,1.022601368099432,0.6654144440585624,0.14835008945241868,0.5965834217342376
4,8.0,0.0163617197936341,0.8287270328478586,0.999720455390755,0.6654144440585624,0.14835008945241868,0.5965834217342376
4,8.1,0.025204538647749408,0.7852531541135586,0.9768402413980173,0.6654144440585624,0.14835008945241868,0.5965834217342376
4,8.200000000000001,0.036483838491582876,0.7423160306559792,0.9540179147404154,0.6654144440585624,0.14835008945241868,0.5965834217342376
4,8.3,0.050171426949670694,0.700022982922543,0.9313105193489554,0.6654144440585624,0.14835008945241868,0.5965834217342376
4,8.4,0.0662330921792258,0.6584797215067898,0.908774811886333,0.6654144440585624,0.14835008945241868,0.5965834217342376
4,8.5,0.08462868838192794,0.6177900829269469,0.8864671198848353,0.6654144440585624,0.14835008945241868,0.5965834217342376
4,8.6,0.10531223614751162,0.5780557700887097,0.8644432009568443,0.6654144440585624,0.14835008945241868,0.5965834217342376
4,8.700000000000001,0.12823203737834654,0.5393760980809439,0.8427581034298453,0.6654144440585624,0.14835008945241868,0.5965834217342376
4,8.8,0.15333080450775705,0.5018477459396848,0.8214660287542748,0.6654144440585624,0.14835008945241868,0.5965834217342376
4,8.9,0.1805458036891051,0.4655645150008977,0.8006201960281237,0.6654144440585624,0.14835008945241868,0.5965834217342376
4,9.0,0.2098090115977348,0.4306170944459883,0.7802727089769077,0.6654144440585624,0.14835008945241868,0.5965834217342376
4,9.1,0.24104728545385856,0.3970928346260789,0.7604744257214885,0.6654144440585624,0.14835008945241868,0.5965834217342376
4,9.200000000000001,0.2741825458414149,0.3650755287316224,0.7412748316592578,0.6654144440585624,0.14835008945241868,0.5965834217342376
4,9.3,0.30913197186594443,0.33464520335306425,0.722721915776416,0.6654144440585624,0.14835008945241868,0.5965834217342376
4,9.4,0.34580820816369573,0.30587791845604384,0.7048620507004985,0.6654144440585624,0.14835008945241868,0.5965834217342376
4,9.5,0.38411958324453854,0.27884557727109127,0.687739876792957,0.6654144440585624,0.14835008945241868,0.5965834217342376
4,9.600000000000001,0.4239703386229493,0.2536157465729979,0.6713981905715046,0.6654144440585624,0.14835008945241868,0.5965834217342376
4,9.700000000000001,0.4652608681643543,0.23025148779906712,0.6558778377411093,0.6654144440585624,0.14835008945241868,0.5965834217342376
4,9.8,0.4892466986381788,0.21367605213075813,0.6545316264318213,0.4875194276402053,1.1521369396978616,1.845114202065701
4,9.9,0.49586787795981724,0.2039308695249218,0.6673629214708204,0.4875194276402053,1.1521369396978616,1.845114202065701
4,10.0,0.4851078566292094,0.20104029786287958,0.6943396513029185,0.4875194276402053,1.1521369396978616,1.845114202065701
4,10.100000000000001,0.4569935290959707,0.20501156206840632,0.7353943881527447,0.4875194276402053,1.1521369396978616,1.845114202065701
4,10.200000000000001,0.4302364349476887,0.2109698833467869,0.7771105012282503,0.4875194276402053,1.1521369396978616,1.845114202065701
4,10.3,0.40490345298490904,0.21890036899785925,0.8193837219720782,0.4875194276402053,1.1521369396978616,1.845114202065701
4,10.4,0.38105790246937643,0.22878319693761318,0.8621083893478367,0.4875194276402053,1.1521369396978616,1.845114202065701
4,10.5,0.3587593848588573,0.24059366524307602,0.905177713937663,0.4875194276402053,1.1521369396978616,1.845114202065701
4,10.600000000000001,0.3380636348345343,0.2543022538942572,0.9484840448601533,0.4875194276402053,1.1521369396978616,1.845114202065701
4,10.700000000000001,0.3190223809933299,0.26987469855882407,0.9919191388415023,0.4875194276402053,1.1521369396978616,1.845114202065701
4,10.8,0.30168321655335406,0.28727207623508755,1.0353744307673163,0.4875194276402053,1.1521369396978616,1.845114202065701
4,10.9,0.2860894803956444,0.3064509025392359,1.0787413050388597,0.4875194276402053,1.1521369396978616,1.845114202065701
4,11.0,0.2722801487395343,0.3273632403936486,1.1219113670554846,0.4875194276402053,1.1521369396978616,1.845114202065701
4,11.100000000000001,0.26028973772240316,0.34995681984462434,1.1647767141446836,0.4875194276402053,1.1521369396978616,1.845114202065701
4,11.200000000000001,0.2501482171273084,0.37417516871004475,1.2072302052625747,0.4875194276402053,1.1521369396978616,1.845114202065701
4,11.3,0.24188093547413603,0.3999577537304182,1.2491657287907139,0.4875194276402053,1.1521369396978616,1.845114202065701
4,11.4,0.23550855666150183,0.4272401318705049,1.2904784677598795,0.4875194276402053,1.1521369396978616,1.845114202065701
4,11.5,0.2310470083177667,0.4559541113933422,1.3310651618379068,0.4875194276402053,1.1521369396978616,1.845114202065701
4,11.600000000000001,0.22850744199026052,0.48602792230407443,1.370824365426743,0.4875194276402053,1.1521369396978616,1.845114202065701
4,11.700000000000001,0.22732465893644405,0.5090890479375265,1.4003269206848974,0.4875194276402053,1.1521369396978616,1.845114202065701
4,11.8,0.2270186581561302,0.5247879041366164,1.4197673841004006,0.4875194276402053,1.1521369396978616,1.845114202065701
4,11.9,0.22710724715006758,0.5327933085836531,1.429365462150653,0.4875194276402053,1.1521369396978616,1.845114202065701
4,12.0,0.22710724715006758,0.5327933085836531,1.429365462150653,0.4875194276402053,1.1521369396978616,1.845114202065701
4,12.100000000000001,0.22710724715006758,0.5327933085836531,1.429365462150653,0.4875194276402053,1.1521369396978616,1.845114202065701
4,12.200000000000001,0.22710724715006758,0.5327933085836531,1.429365462150653,0.4875194276402053,1.1521369396978616,1.845114202065701
4,12.3,0.22710724715006758,0.5327933085836531,1.429365462150653,0.4875194276402053,1.1521369396978616,1.845114202065701
4,12.4,0.22710724715006758,0.5327933085836531,1.429365462150653,0.4875194276402053,1.1521369396978616,1.845114202065701
4,12.5,0.22710724715006758,0.5327933085836531,1.429365462150653,0.4875194276402053,1.1521369396978616,1.845114202065701
4,12.600000000000001,0.22710724715006758,0.5327933085836531,1.429365462150653,0.4875194276402053,1.1521369396978616,1.845114202065701
4,12.700000000000001,0.22710724715006758,0.5327933085836531,1.429365462150653,0.4875194276402053,1.1521369396978616,1.845114202065701
4,12.8,0.22710724715006758,0.5327933085836531,1.429365462150653,0.4875194276402053,1.1521369396978616,1.845114202065701
4,12.9,0.22710724715006758,0.5327933085836531,1.429365462150653,0.4875194276402053,1.1521369396978616,1.845114202065701
4,13.0,0.22710724715006758,0.5327933085836531,1.429365462150653,0.4875194276402053,1.1521369396978616,1.845114202065701
4,13.100000000000001,0.22710724715006758,0.5327933085836531,1.429365462150653,0.4875194276402053,1.1521369396978616,1.845114202065701
4,13.200000000000001,0.22710724715006758,0.5327933085836531,1.429365462150653,0.4875194276402053,1.1521369396978616,1.845114202065701
4,13.3,0.22767879348584508,0.5410906563836897,1.4386952426893638,0.4875194276402053,1.1521369396978616,1.845114202065701
4,13.4,0.22825033982162246,0.5493880041837262,1.4480250232280745,0.4875194276402053,1.1521369396978616,1.845114202065701
4,13.5,0.22882188615739985,0.557685351983763,1.4573548037667854,0.4875194276402053,1.1521369396978616,1.845114202065701
4,13.600000000000001,0.22939343249317745,0.5659826997837996,1.466684584305496,0.4875194276402053,1.1521369396978616,1.845114202065701
4,13.700000000000001,0.22939343249317745,0.5659826997837996,1.466684584305496,0.4875194276402053,1.1521369396978616,1.845114202065701
4,13.8,0.22939343249317745,0.5659826997837996,1.466684584305496,0.4875194276402053,1.1521369396978616,1.845114202065701
4,13.9,0.22939343249317745,0.5659826997837996,1.466684584305496,0.4875194276402053,1.1521369396978616,1.845114202065701
4,14.0,0.22939343249317745,0.5659826997837996,1.466684584305496,0.4875194276402053,1.1521369396978616,1.845114202065701
4,14.100000000000001,0.22939343249317745,0.5659826997837996,1.466684584305496,0.4875194276402053,1.1521369396978616,1.845114202065701
4,14.200000000000001,0.22939343249317745,0.5659826997837996,1.466684584305496,0.4875194276402053,1.1521369396978616,1.845114202065701
4,14.3,0.22939343249317745,0.5659826997837996,1.466684584305496,0.4875194276402053,1.1521369396978616,1.845114202065701
4,14.4,0.2304465076026112,0.5745512518885112,1.4757227477401744,0.4875194276402053,1.1521369396978616,1.845114202065701
4,14.5,0.23303155445579204,0.5919381434847634,1.4934848668038958,0.4875194276402053,1.1521369396978616,1.845114202065701
4,14.600000000000001,0.23762364055550966,0.6183711207031586,1.5196349283453012,0.4875194276402053,1.1521369396978616,1.845114202065701
4,14.700000000000001,0.24469281685168331,0.6540553191713541,1.5538159537251937,0.4875194276402053,1.1521369396978616,1.845114202065701
4,14.8,0.25364986774935083,0.6906041991771144,1.586612727642546,0.4875194276402053,1.1521369396978616,1.845114202065701
4,14.9,0.2644724052860099,0.7279264075547135,1.617943275242795,0.4875194276402053,1.1521369396978616,1.845114202065701
4,15.0,0.2771333787540876,0.765928658220238,1.6477292864735735,0.4875194276402053,1.1521369396978616,1.845114202065701
4,15.100000000000001,0.2916011423136212,0.8045159653382138,1.6758963118190595,0.4875194276402053,1.1521369396978616,1.845114202065701
4,15.200000000000001,0.30783953409037734,0.8435918807367268,1.7023739483849925,0.4875194276402053,1.1521369396978616,1.845114202065701
4,15.3,0.3258079665617053,0.883058734977624,1.727096015869244,0.4875194276402053,1.1521369396978616,1.845114202065701
4,15.4,0.3454615280042054,0.9228178814792437,1.7500007219781075,0.4875194276402053,1.1521369396978616,1.845114202065701
4,15.5,0.3667510947496483,0.962769943081495,1.771030816874851,0.4875194276402053,1.1521369396978616,1.845114202065701
4,15.600000000000001,0.38962345396856257,1.0028150604370039,1.7901337362744947,0.4875194276402053,1.1521369396978616,1.845114202065701
4,15.700000000000001,0.40251547911644103,1.0217401804301818,1.8007974948453258,0.45137451232211634,0.16430268266839387,1.0249011661365746
4,15.8,0.4053949468444509,1.019498000117058,1.802995438744495,0.45137451232211634,0.16430268266839387,1.0249011661365746
4,15.9,0.3982546599828698,0.99609412378071,1.7967220742569219,0.45137451232211634,0.16430268266839387,1.0249011661365746
4,16.0,0.38111246553026223,0.9515870489234758,1.7819930815267202,0.45137451232211634,0.16430268266839387,1.0249011661365746
4,16.1,0.369685906010746,0.905845188099883,1.7686406978173705,0.45137451232211634,0.16430268266839387,1.0249011661365746
4,16.2,0.3627412997619709,0.8712522074118012,1.7587280840468567,0.45137451232211634,0.16430268266839387,1.0249011661365746
4,16.3,0.3598965625119319,0.8477917299440603,1.7527494119220113,0.45137451232211634,0.16430268266839387,1.0249011661365746
4,16.400000000000002,0.3607593624512979,0.8354195533211347,1.751189020344309,0.45137451232211634,0.16430268266839387,1.0249011661365746
4,16.5,0.3607593624512979,0.8354195533211347,1.751189020344309,0.45137451232211634,0.16430268266839387,1.0249011661365746
4,16.6,0.3607593624512979,0.8354195533211347,1.751189020344309,0.45137451232211634,0.16430268266839387,1.0249011661365746
4,16.7,0.3607593624512979,0.8354195533211347,1.751189020344309,0.45137451232211634,0.16430268266839387,1.0249011661365746
4,16.8,0.3619055665012778,0.8231553991342621,1.7490614070438186,0.45137451232211634,0.16430268266839387,1.0249011661365746
4,16.900000000000002,0.363855448950158,0.798835082131208,1.7437317570194812,0.45137451232211634,0.16430268266839387,1.0249011661365746
4,17.0,0.36626528012580706,0.7627667081944312,1.7341569208448373,0.45137451232211634,0.16430268266839387,1.0249011661365746
4,17.1,0.3681808506201395,0.7155803050193853,1.7188904124874425,0.45137451232211634,0.16430268266839387,1.0249011661365746
4,17.2,0.3669475162912753,0.6707539107097924,1.698395259740456,0.45137451232211634,0.16430268266839387,1.0249011661365746
4,17.3,0.3639093236332539,0.6279613785547712,1.6736993653067767,0.45137451232211634,0.16430268266839387,1.0249011661365746
4,17.400000000000002,0.35917819777369997,0.5875483690413799,1.6450677189938192,0.45137451232211634,0.16430268266839387,1.0249011661365746
4,17.5,0.35411357119328213,0.5491788441879231,1.6135729273678328,0.45137451232211634,0.16430268266839387,1.0249011661365746
4,17.6,0.3506311971550651,0.5119556066921712,1.5805270594984977,0.45137451232211634,0.16430268266839387,1.0249011661365746
4,17.7,0.3481379188888656,0.47633538859283897,1.5456463833646037,0.45137451232211634,0.16430268266839387,1.0249011661365746
4,17.8,0.3472739352160694,0.4420240440374201,1.5094018949993742,0.45137451232211634,0.16430268266839387,1.0249011661365746
4,17.900000000000002,0.34804142677206973,0.4091073487836474,1.4718841671880245,0.45137451232211634,0.16430268266839387,1.0249011661365746
4,18.0,0.3504384752276787,0.37766757742697143,1.4331869747112287,0.45137451232211634,0.16430268266839387,1.0249011661365746
4,18.1,0.3544590892101157,0.34778331302226784,1.3934070403970698,0.45137451232211634,0.16430268266839387,1.0249011661365746
4,18.2,0.36009321927832016,0.3195292506671241,1.3526437933643443,0.45137451232211634,0.16430268266839387,1.0249011661365746
4,18.3,0.3673267830413195,0.29297601080299696,1.3109991205015452,0.45137451232211634,0.16430268266839387,1.0249011661365746
4,18.400000000000002,0.3761417003568738,0.2681899627008867,1.2685771118027034,0.45137451232211634,0.16430268266839387,1.0249011661365746
4,18.5,0.38651593852241395,0.24523305857272426,1.2254838001966106,0.45137451232211634,0.16430268266839387,1.0249011661365746
4,18.6,0.39842356734532525,0.22416267872310558,1.1818268965197196,0.45137451232211634,0.16430268266839387,1.0249011661365746
4,18.7,0.4079280486468252,0.2090713716591589,1.1488794756148017,0.3104866187330818,0.3546301538336548,0.6712614128017682
4,18.8,0.41464206772717793,0.199493806899813,1.1267961891448044,0.3104866187330818,0.3546301538336548,0.6712614128017682
4,18.900000000000002,0.4181852845889559,0.1949508724797373,1.1157045340945189,0.3104866187330818,0.3546301538336548,0.6712614128017682
4,19.0,0.4181852845889559,0.1949508724797373,1.1157045340945189,0.3104866187330818,0.3546301538336548,0.6712614128017682
4,19.1,0.4181852845889559,0.1949508724797373,1.1157045340945189,0.3104866187330818,0.3546301538336548,0.6712614128017682
4,19.200000000000003,0.4181852845889559,0.1949508724797373,1.1157045340945189,0.3104866187330818,0.3546301538336548,0.6712614128017682
4,19.3,0.4181852845889559,0.1949508724797373,1.1157045340945189,0.3104866187330818,0.3546301538336548,0.6712614128017682
4,19.400000000000002,0.4181852845889559,0.1949508724797373,1.1157045340945189,0.3104866187330818,0.3546301538336548,0.6712614128017682
4,19.5,0.4181852845889559,0.1949508724797373,1.1157045340945189,0.3104866187330818,0.3546301538336548,0.6712614128017682
4,19.6,0.4181852845889559,0.1949508724797373,1.1157045340945189,0.3104866187330818,0.3546301538336548,0.6712614128017682
4,19.700000000000003,0.4181852845889559,0.1949508724797373,1.1157045340945189,0.3104866187330818,0.3546301538336548,0.6712614128017682
4,19.8,0.4181852845889559,0.1949508724797373,1.1157045340945189,0.3104866187330818,0.3546301538336548,0.6712614128017682
4,19.900000000000002,0.4181852845889559,0.1949508724797373,1.1157045340945189,0.3104866187330818,0.3546301538336548,0.6712614128017682
4,20.0,0.4181852845889559,0.1949508724797373,1.1157045340945189,0.3104866187330818,0.3546301538336548,0.6712614128017682
4,20.1,0.4181852845889559,0.1949508724797373,1.1157045340945189,0.3104866187330818,0.3546301538336548,0.6712614128017682
4,20.200000000000003,0.4181852845889559,0.1949508724797373,1.1157045340945189,0.3104866187330818,0.3546301538336548,0.6712614128017682
4,20.3,0.4181852845889559,0.1949508724797373,1.1157045340945189,0.3104866187330818,0.3546301538336548,0.6712614128017682
4,20.400000000000002,0.4181852845889559,0.1949508724797373,1.1157045340945189,0.3104866187330818,0.3546301538336548,0.6712614128017682
4,20.5,0.4181852845889559,0.1949508724797373,1.1157045340945189,0.3104866187330818,0.3546301538336548,0.6712614128017682
4,20.6,0.4181852845889559,0.1949508724797373,1.1157045340945189,0.3104866187330818,0.3546301538336548,0.6712614128017682
4,20.700000000000003,0.4181852845889559,0.1949508724797373,1.1157045340945189,0.3104866187330818,0.3546301538336548,0.6712614128017682
4,20.8,0.4181852845889559,0.1949508724797373,1.1157045340945189,0.3104866187330818,0.3546301538336548,0.6712614128017682
4,20.900000000000002,0.4181852845889559,0.1949508724797373,1.1157045340945189,0.3104866187330818,0.3546301538336548,0.6712614128017682
4,21.0,0.4181852845889559,0.1949508724797373,1.1157045340945189,0.3104866187330818,0.3546301538336548,0.6712614128017682
4,21.1,0.4181852845889559,0.1949508724797373,1.1157045340945189,0.3104866187330818,0.3546301538336548,0.6712614128017682
4,21.200000000000003,0.4181852845889559,0.1949508724797373,1.1157045340945189,0.3104866187330818,0.3546301538336548,0.6712614128017682
4,21.3,0.4181852845889559,0.1949508724797373,1.1157045340945189,0.3104866187330818,0.3546301538336548,0.6712614128017682
4,21.400000000000002,0.4181852845889559,0.1949508724797373,1.1157045340945189,0.3104866187330818,0.3546301538336548,0.6712614128017682
4,21.5,0.4181852845889559,0.1949508724797373,1.1157045340945189,0.3104866187330818,0.3546301538336548,0.6712614128017682
4,21.6,0.4181852845889559,0.1949508724797373,1.1157045340945189,0.3104866187330818,0.3546301538336548,0.6712614128017682
4,21.700000000000003,0.4181852845889559,0.1949508724797373,1.1157045340945189,0.3104866187330818,0.3546301538336548,0.6712614128017682
4,21.8,0.4181852845889559,0.1949508724797373,1.1157045340945189,0.3104866187330818,0.3546301538336548,0.6712614128017682
4,21.900000000000002,0.4181852845889559,0.1949508724797373,1.1157045340945189,0.3104866187330818,0.3546301538336548,0.6712614128017682
4,22.0,0.4181852845889559,0.1949508724797373,1.1157045340945189,0.3104866187330818,0.3546301538336548,0.6712614128017682
4,22.1,0.4181852845889559,0.1949508724797373,1.1157045340945189,0.3104866187330818,0.3546301538336548,0.6712614128017682
4,22.200000000000003,0.4181852845889559,0.1949508724797373,1.1157045340945189,0.3104866187330818,0.3546301538336548,0.6712614128017682
4,22.3,0.4181852845889559,0.1949508724797373,1.1157045340945189,0.3104866187330818,0.3546301538336548,0.6712614128017682
4,22.400000000000002,0.4181852845889559,0.1949508724797373,1.1157045340945189,0.3104866187330818,0.3546301538336548,0.6712614128017682
4,22.5,0.4181852845889559,0.1949508724797373,1.1157045340945189,0.3104866187330818,0.3546301538336548,0.6712614128017682
4,22.6,0.4181852845889559,0.1949508724797373,1.1157045340945189,0.3104866187330818,0.3546301538336548,0.6712614128017682
4,22.700000000000003,0.4181852845889559,0.1949508724797373,1.1157045340945189,0.3104866187330818,0.3546301538336548,0.6712614128017682
4,22.8,0.4181852845889559,0.1949508724797373,1.1157045340945189,0.3104866187330818,0.3546301538336548,0.6712614128017682
4,22.900000000000002,0.4181852845889559,0.1949508724797373,1.1157045340945189,0.3104866187330818,0.3546301538336548,0.6712614128017682
4,23.0,0.4181852845889559,0.1949508724797373,1.1157045340945189,0.3104866187330818,0.3546301538336548,0.6712614128017682
4,23.1,0.4181852845889559,0.1949508724797373,1.1157045340945189,0.3104866187330818,0.3546301538336548,0.6712614128017682
4,23.200000000000003,0.4181852845889559,0.1949508724797373,1.1157045340945189,0.3104866187330818,0.3546301538336548,0.6712614128017682
4,23.3,0.4181852845889559,0.1949508724797373,1.1157045340945189,0.3104866187330818,0.3546301538336548,0.6712614128017682
4,23.400000000000002,0.4181852845889559,0.1949508724797373,1.1157045340945189,0.3104866187330818,0.3546301538336548,0.6712614128017682
4,23.5,0.4181852845889559,0.1949508724797373,1.1157045340945189,0.3104866187330818,0.3546301538336548,0.6712614128017682
4,23.6,0.4181852845889559,0.1949508724797373,1.1157045340945189,0.3104866187330818,0.3546301538336548,0.6712614128017682
4,23.700000000000003,0.4205826528373431,0.19189866018878488,1.1038223362501558,0.3104866187330818,0.3546301538336548,0.6712614128017682
4,23.8,0.4181595252881599,0.19167131810974003,1.0807597822798525,0.3104866187330818,0.3546301538336548,0.6712614128017682
4,23.900000000000002,0.41573639773897686,0.1914439760306954,1.0576972283095492,0.3104866187330818,0.3546301538336548,0.6712614128017682
4,24.0,0.4133132701897937,0.19121663395165056,1.0346346743392456,0.3104866187330818,0.3546301538336548,0.6712614128017682
4,24.1,0.4084927743922234,0.19404150416355814,1.0234543182133051,0.3104866187330818,0.3546301538336548,0.6712614128017682
4,24.200000000000003,0.4084927743922234,0.19404150416355814,1.0234543182133051,0.3104866187330818,0.3546301538336548,0.6712614128017682
4,24.3,0.4084927743922234,0.19404150416355814,1.0234543182133051,0.3104866187330818,0.3546301538336548,0.6712614128017682
4,24.400000000000002,0.4084927743922234,0.19404150416355814,1.0234543182133051,0.3104866187330818,0.3546301538336548,0.6712614128017682
4,24.5,0.4084927743922234,0.19404150416355814,1.0234543182133051,0.3104866187330818,0.3546301538336548,0.6712614128017682
4,24.6,0.4084927743922234,0.19404150416355814,1.0234543182133051,0.3104866187330818,0.3546301538336548,0.6712614128017682
4,24.700000000000003,0.4084927743922234,0.19404150416355814,1.0234543182133051,0.3104866187330818,0.3546301538336548,0.6712614128017682
4,24.8,0.4084927743922234,0.19404150416355814,1.0234543182133051,0.3104866187330818,0.3546301538336548,0.6712614128017682
4,24.900000000000002,0.4084927743922234,0.19404150416355814,1.0234543182133051,0.3104866187330818,0.3546301538336548,0.6712614128017682
4,25.0,0.4084927743922234,0.19404150416355814,1.0234543182133051,0.3104866187330818,0.3546301538336548,0.6712614128017682
4,25.1,0.4084927743922234,0.19404150416355814,1.0234543182133051,0.3104866187330818,0.3546301538336548,0.6712614128017682
4,25.200000000000003,0.4084927743922234,0.19404150416355814,1.0234543182133051,0.3104866187330818,0.3546301538336548,0.6712614128017682
4,25.3,0.4084927743922234,0.19404150416355814,1.0234543182133051,0.3104866187330818,0.3546301538336548,0.6712614128017682
4,25.400000000000002,0.4084927743922234,0.19404150416355814,1.0234543182133051,0.3104866187330818,0.3546301538336548,0.6712614128017682
4,25.5,0.4084927743922234,0.19404150416355814,1.0234543182133051,0.3104866187330818,0.3546301538336548,0.6712614128017682
4,25.6,0.4084927743922234,0.19404150416355814,1.0234543182133051,0.3104866187330818,0.3546301538336548,0.6712614128017682
4,25.700000000000003,0.4084927743922234,0.19404150416355814,1.0234543182133051,0.3104866187330818,0.3546301538336548,0.6712614128017682
4,25.8,0.4084927743922234,0.19404150416355814,1.0234543182133051,0.3104866187330818,0.3546301538336548,0.6712614128017682
4,25.900000000000002,0.4084927743922234,0.19404150416355814,1.0234543182133051,0.3104866187330818,0.3546301538336548,0.6712614128017682
4,26.0,0.4084927743922234,0.19404150416355814,1.0234543182133051,0.3104866187330818,0.3546301538336548,0.6712614128017682
4,26.1,0.4084927743922234,0.19404150416355814,1.0234543182133051,0.3104866187330818,0.3546301538336548,0.6712614128017682
4,26.200000000000003,0.4084927743922234,0.19404150416355814,1.0234543182133051,0.3104866187330818,0.3546301538336548,0.6712614128017682
4,26.3,0.4084927743922234,0.19404150416355814,1.0234543182133051,0.3104866187330818,0.3546301538336548,0.6712614128017682
4,26.400000000000002,0.4084927743922234,0.19404150416355814,1.0234543182133051,0.3104866187330818,0.3546301538336548,0.6712614128017682
4,26.5,0.4084927743922234,0.19404150416355814,1.0234543182133051,0.3104866187330818,0.3546301538336548,0.6712614128017682
4,26.6,0.4084927743922234,0.19404150416355814,1.0234543182133051,0.3104866187330818,0.3546301538336548,0.6712614128017682
4,26.700000000000003,0.4084927743922234,0.19404150416355814,1.0234543182133051,0.3104866187330818,0.3546301538336548,0.6712614128017682
4,26.8,0.4084927743922234,0.19404150416355814,1.0234543182133051,0.3104866187330818,0.3546301538336548,0.6712614128017682
4,26.900000000000002,0.4084927743922234,0.19404150416355814,1.0234543182133051,0.3104866187330818,0.3546301538336548,0.6712614128017682
4,27.0,0.4084927743922234,0.19404150416355814,1.0234543182133051,0.3104866187330818,0.3546301538336548,0.6712614128017682
4,27.1,0.4084927743922234,0.19404150416355814,1.0234543182133051,0.3104866187330818,0.3546301538336548,0.6712614128017682
4,27.200000000000003,0.4084927743922234,0.19404150416355814,1.0234543182133051,0.3104866187330818,0.3546301538336548,0.6712614128017682
4,27.3,0.4084927743922234,0.19404150416355814,1.0234543182133051,0.3104866187330818,0.3546301538336548,0.6712614128017682
4,27.400000000000002,0.4084927743922234,0.19404150416355814,1.0234543182133051,0.3104866187330818,0.3546301538336548,0.6712614128017682
4,27.5,0.4084927743922234,0.19404150416355814,1.0234543182133051,0.3104866187330818,0.3546301538336548,0.6712614128017682
4,27.6,0.4084927743922234,0.19404150416355814,1.0234543182133051,0.3104866187330818,0.3546301538336548,0.6712614128017682
4,27.700000000000003,0.4084927743922234,0.19404150416355814,1.0234543182133051,0.3104866187330818,0.3546301538336548,0.6712614128017682
4,27.8,0.4084927743922234,0.19404150416355814,1.0234543182133051,0.3104866187330818,0.3546301538336548,0.6712614128017682
4,27.900000000000002,0.4084927743922234,0.19404150416355814,1.0234543182133051,0.3104866187330818,0.3546301538336548,0.6712614128017682
4,28.0,0.4084927743922234,0.19404150416355814,1.0234543182133051,0.3104866187330818,0.3546301538336548,0.6712614128017682
4,28.1,0.4084927743922234,0.19404150416355814,1.0234543182133051,0.3104866187330818,0.3546301538336548,0.6712614128017682
4,28.200000000000003,0.4084927743922234,0.19404150416355814,1.0234543182133051,0.3104866187330818,0.3546301538336548,0.6712614128017682
4,28.3,0.4084927743922234,0.19404150416355814,1.0234543182133051,0.3104866187330818,0.3546301538336548,0.6712614128017682
4,28.400000000000002,0.4084927743922234,0.19404150416355814,1.0234543182133051,0.3104866187330818,0.3546301538336548,0.6712614128017682
4,28.5,0.4084927743922234,0.19404150416355814,1.0234543182133051,0.3104866187330818,0.3546301538336548,0.6712614128017682
4,28.6,0.4084927743922234,0.19404150416355814,1.0234543182133051,0.3104866187330818,0.3546301538336548,0.6712614128017682
4,28.700000000000003,0.4084927743922234,0.19404150416355814,1.0234543182133051,0.3104866187330818,0.3546301538336548,0.6712614128017682
4,28.8,0.4084927743922234,0.19404150416355814,1.0234543182133051,0.3104866187330818,0.3546301538336548,0.6712614128017682
4,28.900000000000002,0.408975580478239,0.1937114948884492,1.0109680060210826,0.3104866187330818,0.3546301538336548,0.6712614128017682
4,29.0,0.4094583865642547,0.19338148561334034,0.9984816938288599,0.3104866187330818,0.3546301538336548,0.6712614128017682
4,29.1,0.4099411926502703,0.1930514763382315,0.9859953816366372,0.3104866187330818,0.3546301538336548,0.6712614128017682
4,29.200000000000003,0.4104239987362859,0.19272146706312265,0.9735090694444145,0.3104866187330818,0.3546301538336548,0.6712614128017682
4,29.3,0.4104239987362859,0.19272146706312265,0.9735090694444145,0.3104866187330818,0.3546301538336548,0.6712614128017682
4,29.400000000000002,0.4104239987362859,0.19272146706312265,0.9735090694444145,0.3104866187330818,0.3546301538336548,0.6712614128017682
4,29.5,0.4104239987362859,0.19272146706312265,0.9735090694444145,0.3104866187330818,0.3546301538336548,0.6712614128017682
4,29.6,0.4104239987362859,0.19272146706312265,0.9735090694444145,0.3104866187330818,0.3546301538336548,0.6712614128017682
4,29.700000000000003,0.4104239987362859,0.19272146706312265,0.9735090694444145,0.3104866187330818,0.3546301538336548,0.6712614128017682
4,29.8,0.4104239987362859,0.19272146706312265,0.9735090694444145,0.3104866187330818,0.3546301538336548,0.6712614128017682
4,29.900000000000002,0.4104239987362859,0.19272146706312265,0.9735090694444145,0.3104866187330818,0.3546301538336548,0.6712614128017682
4,30.0,0.4104239987362859,0.19272146706312265,0.9735090694444145,0.3104866187330818,0.3546301538336548,0.6712614128017682
4,30.1,0.4104239987362859,0.19272146706312265,0.9735090694444145,0.3104866187330818,0.3546301538336548,0.6712614128017682
4,30.200000000000003,0.4104239987362859,0.19272146706312265,0.9735090694444145,0.3104866187330818,0.3546301538336548,0.6712614128017682
4,30.3,0.4104239987362859,0.19272146706312265,0.9735090694444145,0.3104866187330818,0.3546301538336548,0.6712614128017682
4,30.400000000000002,0.4104239987362859,0.19272146706312265,0.9735090694444145,0.3104866187330818,0.3546301538336548,0.6712614128017682
4,30.5,0.4104239987362859,0.19272146706312265,0.9735090694444145,0.3104866187330818,0.3546301538336548,0.6712614128017682
4,30.6,0.4104239987362859,0.19272146706312265,0.9735090694444145,0.3104866187330818,0.3546301538336548,0.6712614128017682
4,30.700000000000003,0.4104239987362859,0.19272146706312265,0.9735090694444145,0.3104866187330818,0.3546301538336548,0.6712614128017682
4,30.8,0.4104239987362859,0.19272146706312265,0.9735090694444145,0.3104866187330818,0.3546301538336548,0.6712614128017682
4,30.900000000000002,0.4104239987362859,0.19272146706312265,0.9735090694444145,0.3104866187330818,0.3546301538336548,0.6712614128017682
4,31.0,0.4104239987362859,0.19272146706312265,0.9735090694444145,0.3104866187330818,0.3546301538336548,0.6712614128017682
4,31.1,0.4104239987362859,0.19272146706312265,0.9735090694444145,0.3104866187330818,0.3546301538336548,0.6712614128017682
4,31.200000000000003,0.4104239987362859,0.19272146706312265,0.9735090694444145,0.3104866187330818,0.3546301538336548,0.6712614128017682
4,31.3,0.4104239987362859,0.19272146706312265,0.9735090694444145,0.3104866187330818,0.3546301538336548,0.6712614128017682
4,31.400000000000002,0.4104239987362859,0.19272146706312265,0.9735090694444145,0.3104866187330818,0.3546301538336548,0.6712614128017682
4,31.5,0.4104239987362859,0.19272146706312265,0.9735090694444145,0.3104866187330818,0.3546301538336548,0.6712614128017682
4,31.6,0.4104239987362859,0.19272146706312265,0.9735090694444145,0.3104866187330818,0.3546301538336548,0.6712614128017682
4,31.700000000000003,0.4104239987362859,0.19272146706312265,0.9735090694444145,0.3104866187330818,0.3546301538336548,0.6712614128017682
4,31.8,0.4104239987362859,0.19272146706312265,0.9735090694444145,0.3104866187330818,0.3546301538336548,0.6712614128017682
4,31.900000000000002,0.4104239987362859,0.19272146706312265,0.9735090694444145,0.3104866187330818,0.3546301538336548,0.6712614128017682
4,32.0,0.4104239987362859,0.19272146706312265,0.9735090694444145,0.3104866187330818,0.3546301538336548,0.6712614128017682
4,32.1,0.4104239987362859,0.19272146706312265,0.9735090694444145,0.3104866187330818,0.3546301538336548,0.6712614128017682
4,32.2,0.4104239987362859,0.19272146706312265,0.9735090694444145,0.3104866187330818,0.3546301538336548,0.6712614128017682
4,32.300000000000004,0.4104239987362859,0.19272146706312265,0.9735090694444145,0.3104866187330818,0.3546301538336548,0.6712614128017682
4,32.4,0.4104239987362859,0.19272146706312265,0.9735090694444145,0.3104866187330818,0.3546301538336548,0.6712614128017682
4,32.5,0.4104239987362859,0.19272146706312265,0.9735090694444145,0.3104866187330818,0.3546301538336548,0.6712614128017682
4,32.6,0.4104239987362859,0.19272146706312265,0.9735090694444145,0.3104866187330818,0.3546301538336548,0.6712614128017682
4,32.7,0.4104239987362859,0.19272146706312265,0.9735090694444145,0.3104866187330818,0.3546301538336548,0.6712614128017682
4,32.800000000000004,0.4104239987362859,0.19272146706312265,0.9735090694444145,0.3104866187330818,0.3546301538336548,0.6712614128017682
4,32.9,0.4104239987362859,0.19272146706312265,0.9735090694444145,0.3104866187330818,0.3546301538336548,0.6712614128017682
4,33.0,0.4104239987362859,0.19272146706312265,0.9735090694444145,0.3104866187330818,0.3546301538336548,0.6712614128017682
4,33.1,0.4104239987362859,0.19272146706312265,0.9735090694444145,0.3104866187330818,0.3546301538336548,0.6712614128017682
4,33.2,0.4104239987362859,0.19272146706312265,0.9735090694444145,0.3104866187330818,0.3546301538336548,0.6712614128017682
4,33.300000000000004,0.4104239987362859,0.19272146706312265,0.9735090694444145,0.3104866187330818,0.3546301538336548,0.6712614128017682
4,33.4,0.4104239987362859,0.19272146706312265,0.9735090694444145,0.3104866187330818,0.3546301538336548,0.6712614128017682
4,33.5,0.4104239987362859,0.19272146706312265,0.9735090694444145,0.3104866187330818,0.3546301538336548,0.6712614128017682
4,33.6,0.4104239987362859,0.19272146706312265,0.9735090694444145,0.3104866187330818,0.3546301538336548,0.6712614128017682
4,33.7,0.4104239987362859,0.19272146706312265,0.9735090694444145,0.3104866187330818,0.3546301538336548,0.6712614128017682
4,33.800000000000004,0.4104239987362859,0.19272146706312265,0.9735090694444145,0.3104866187330818,0.3546301538336548,0.6712614128017682
4,33.9,0.4104239987362859,0.19272146706312265,0.9735090694444145,0.3104866187330818,0.3546301538336548,0.6712614128017682
4,34.0,0.4106270085044733,0.1933698893277016,0.9610275496811478,0.3104866187330818,0.3546301538336548,0.6712614128017682
4,34.1,0.41083001827266075,0.19401831159228067,0.9485460299178811,0.3104866187330818,0.3546301538336548,0.6712614128017682
4,34.2,0.4110330280408482,0.1946667338568595,0.9360645101546142,0.3104866187330818,0.3546301538336548,0.6712614128017682
4,34.300000000000004,0.4112360378090355,0.19531515612143857,0.9235829903913475,0.3104866187330818,0.3546301538336548,0.6712614128017682
4,34.4,0.4112360378090355,0.19531515612143857,0.9235829903913475,0.3104866187330818,0.3546301538336548,0.6712614128017682
4,34.5,0.4112360378090355,0.19531515612143857,0.9235829903913475,0.3104866187330818,0.3546301538336548,0.6712614128017682
4,34.6,0.4112360378090355,0.19531515612143857,0.9235829903913475,0.3104866187330818,0.3546301538336548,0.6712614128017682
4,34.7,0.4112360378090355,0.19531515612143857,0.9235829903913475,0.3104866187330818,0.3546301538336548,0.6712614128017682
4,34.800000000000004,0.4112360378090355,0.19531515612143857,0.9235829903913475,0.3104866187330818,0.3546301538336548,0.6712614128017682
4,34.9,0.4112360378090355,0.19531515612143857,0.9235829903913475,0.3104866187330818,0.3546301538336548,0.6712614128017682
4,35.0,0.4112360378090355,0.19531515612143857,0.9235829903913475,0.3104866187330818,0.3546301538336548,0.6712614128017682
4,35.1,0.4112360378090355,0.19531515612143857,0.9235829903913475,0.3104866187330818,0.3546301538336548,0.6712614128017682
4,35.2,0.4112360378090355,0.19531515612143857,0.9235829903913475,0.3104866187330818,0.3546301538336548,0.6712614128017682
4,35.300000000000004,0.4112360378090355,0.19531515612143857,0.9235829903913475,0.3104866187330818,0.3546301538336548,0.6712614128017682
4,35.4,0.4112360378090355,0.19531515612143857,0.9235829903913475,0.3104866187330818,0.3546301538336548,0.6712614128017682
4,35.5,0.4112360378090355,0.19531515612143857,0.9235829903913475,0.3104866187330818,0.3546301538336548,0.6712614128017682
4,35.6,0.4112360378090355,0.19531515612143857,0.9235829903913475,0.3104866187330818,0.3546301538336548,0.6712614128017682
4,35.7,0.4112360378090355,0.19531515612143857,0.9235829903913475,0.3104866187330818,0.3546301538336548,0.6712614128017682
4,35.800000000000004,0.4112360378090355,0.19531515612143857,0.9235829903913475,0.3104866187330818,0.3546301538336548,0.6712614128017682
4,35.9,0.4112360378090355,0.19531515612143857,0.9235829903913475,0.3104866187330818,0.3546301538336548,0.6712614128017682
4,36.0,0.4112360378090355,0.19531515612143857,0.9235829903913475,0.3104866187330818,0.3546301538336548,0.6712614128017682
4,36.1,0.4112360378090355,0.19531515612143857,0.9235829903913475,0.3104866187330818,0.3546301538336548,0.6712614128017682
4,36.2,0.4112360378090355,0.19531515612143857,0.9235829903913475,0.3104866187330818,0.3546301538336548,0.6712614128017682
4,36.300000000000004,0.4112360378090355,0.19531515612143857,0.9235829903913475,0.3104866187330818,0.3546301538336548,0.6712614128017682
4,36.4,0.4112360378090355,0.19531515612143857,0.9235829903913475,0.3104866187330818,0.3546301538336548,0.6712614128017682
4,36.5,0.4112360378090355,0.19531515612143857,0.9235829903913475,0.3104866187330818,0.3546301538336548,0.6712614128017682
4,36.6,0.4112360378090355,0.19531515612143857,0.9235829903913475,0.3104866187330818,0.3546301538336548,0.6712614128017682
4,36.7,0.4112360378090355,0.19531515612143857,0.9235829903913475,0.3104866187330818,0.3546301538336548,0.6712614128017682
4,36.800000000000004,0.4112360378090355,0.19531515612143857,0.9235829903913475,0.3104866187330818,0.3546301538336548,0.6712614128017682
4,36.9,0.4112360378090355,0.19531515612143857,0.9235829903913475,0.3104866187330818,0.3546301538336548,0.6712614128017682
4,37.0,0.4112360378090355,0.19531515612143857,0.9235829903913475,0.3104866187330818,0.3546301538336548,0.6712614128017682
4,37.1,0.4112360378090355,0.19531515612143857,0.9235829903913475,0.3104866187330818,0.3546301538336548,0.6712614128017682
4,37.2,0.4112360378090355,0.19531515612143857,0.9235829903913475,0.3104866187330818,0.3546301538336548,0.6712614128017682
4,37.300000000000004,0.4112360378090355,0.19531515612143857,0.9235829903913475,0.3104866187330818,0.3546301538336548,0.6712614128017682
4,37.4,0.4112360378090355,0.19531515612143857,0.9235829903913475,0.3104866187330818,0.3546301538336548,0.6712614128017682
4,37.5,0.4112360378090355,0.19531515612143857,0.9235829903913475,0.3104866187330818,0.3546301538336548,0.6712614128017682
4,37.6,0.4112360378090355,0.19531515612143857,0.9235829903913475,0.3104866187330818,0.3546301538336548,0.6712614128017682
4,37.7,0.4112360378090355,0.19531515612143857,0.9235829903913475,0.3104866187330818,0.3546301538336548,0.6712614128017682
4,37.800000000000004,0.4112360378090355,0.19531515612143857,0.9235829903913475,0.3104866187330818,0.3546301538336548,0.6712614128017682
4,37.9,0.4112360378090355,0.19531515612143857,0.9235829903913475,0.3104866187330818,0.3546301538336548,0.6712614128017682
4,38.0,0.4112360378090355,0.19531515612143857,0.9235829903913475,0.3104866187330818,0.3546301538336548,0.6712614128017682
4,38.1,0.4112360378090355,0.19531515612143857,0.9235829903913475,0.3104866187330818,0.3546301538336548,0.6712614128017682
4,38.2,0.4112360378090355,0.19531515612143857,0.9235829903913475,0.3104866187330818,0.3546301538336548,0.6712614128017682
4,38.300000000000004,0.4112360378090355,0.19531515612143857,0.9235829903913475,0.3104866187330818,0.3546301538336548,0.6712614128017682
4,38.400000000000006,0.4112360378090355,0.19531515612143857,0.9235829903913475,0.3104866187330818,0.3546301538336548,0.6712614128017682
4,38.5,0.4112360378090355,0.19531515612143857,0.9235829903913475,0.3104866187330818,0.3546301538336548,0.6712614128017682
4,38.6,0.4112360378090355,0.19531515612143857,0.9235829903913475,0.3104866187330818,0.3546301538336548,0.6712614128017682
4,38.7,0.4112360378090355,0.19531515612143857,0.9235829903913475,0.3104866187330818,0.3546301538336548,0.6712614128017682
4,38.800000000000004,0.4112360378090355,0.19531515612143857,0.9235829903913475,0.3104866187330818,0.3546301538336548,0.6712614128017682
4,38.900000000000006,0.4112360378090355,0.19531515612143857,0.9235829903913475,0.3104866187330818,0.3546301538336548,0.6712614128017682
4,39.0,0.4112360378090355,0.19531515612143857,0.9235829903913475,0.3104866187330818,0.3546301538336548,0.6712614128017682
4,39.1,0.41042207482461246,0.1974658634643658,0.9112963341259078,0.3104866187330818,0.3546301538336548,0.6712614128017682
4,39.2,0.4096081118401894,0.19961657080729278,0.8990096778604681,0.3104866187330818,0.3546301538336548,0.6712614128017682
4,39.300000000000004,0.40879414885576637,0.20176727815022,0.8867230215950284,0.3104866187330818,0.3546301538336548,0.6712614128017682
4,39.400000000000006,0.4079801858713433,0.203917985493147,0.8744363653295887,0.3104866187330818,0.3546301538336548,0.6712614128017682
4,39.5,0.4079801858713433,0.203917985493147,0.8744363653295887,0.3104866187330818,0.3546301538336548,0.6712614128017682
4,39.6,0.4079801858713433,0.203917985493147,0.8744363653295887,0.3104866187330818,0.3546301538336548,0.6712614128017682
4,39.7,0.4079801858713433,0.203917985493147,0.8744363653295887,0.3104866187330818,0.3546301538336548,0.6712614128017682
4,39.800000000000004,0.4079801858713433,0.203917985493147,0.8744363653295887,0.3104866187330818,0.3546301538336548,0.6712614128017682
4,39.900000000000006,0.4079801858713433,0.203917985493147,0.8744363653295887,0.3104866187330818,0.3546301538336548,0.6712614128017682
4,40.0,0.4079801858713433,0.203917985493147,0.8744363653295887,0.3104866187330818,0.3546301538336548,0.6712614128017682
4,40.1,0.4079801858713433,0.203917985493147,0.8744363653295887,0.3104866187330818,0.3546301538336548,0.6712614128017682
4,40.2,0.4079801858713433,0.203917985493147,0.8744363653295887,0.3104866187330818,0.3546301538336548,0.6712614128017682
4,40.300000000000004,0.4079801858713433,0.203917985493147,0.8744363653295887,0.3104866187330818,0.3546301538336548,0.6712614128017682
4,40.400000000000006,0.4079801858713433,0.203917985493147,0.8744363653295887,0.3104866187330818,0.3546301538336548,0.6712614128017682
4,40.5,0.4079801858713433,0.203917985493147,0.8744363653295887,0.3104866187330818,0.3546301538336548,0.6712614128017682
4,40.6,0.4079801858713433,0.203917985493147,0.8744363653295887,0.3104866187330818,0.3546301538336548,0.6712614128017682
4,40.7,0.4079801858713433,0.203917985493147,0.8744363653295887,0.3104866187330818,0.3546301538336548,0.6712614128017682
4,40.800000000000004,0.4079801858713433,0.203917985493147,0.8744363653295887,0.3104866187330818,0.3546301538336548,0.6712614128017682
4,40.900000000000006,0.4079801858713433,0.203917985493147,0.8744363653295887,0.3104866187330818,0.3546301538336548,0.6712614128017682
4,41.0,0.4079801858713433,0.203917985493147,0.8744363653295887,0.3104866187330818,0.3546301538336548,0.6712614128017682
4,41.1,0.4079801858713433,0.203917985493147,0.8744363653295887,0.3104866187330818,0.3546301538336548,0.6712614128017682
4,41.2,0.4079801858713433,0.203917985493147,0.8744363653295887,0.3104866187330818,0.3546301538336548,0.6712614128017682
4,41.300000000000004,0.4079801858713433,0.203917985493147,0.8744363653295887,0.3104866187330818,0.3546301538336548,0.6712614128017682
4,41.400000000000006,0.4079801858713433,0.203917985493147,0.8744363653295887,0.3104866187330818,0.3546301538336548,0.6712614128017682
4,41.5,0.4079801858713433,0.203917985493147,0.8744363653295887,0.3104866187330818,0.3546301538336548,0.6712614128017682
4,41.6,0.4079801858713433,0.203917985493147,0.8744363653295887,0.3104866187330818,0.3546301538336548,0.6712614128017682
4,41.7,0.4079801858713433,0.203917985493147,0.8744363653295887,0.3104866187330818,0.3546301538336548,0.6712614128017682
4,41.800000000000004,0.4079801858713433,0.203917985493147,0.8744363653295887,0.3104866187330818,0.3546301538336548,0.6712614128017682
4,41.900000000000006,0.4079801858713433,0.203917985493147,0.8744363653295887,0.3104866187330818,0.3546301538336548,0.6712614128017682
4,42.0,0.4079801858713433,0.203917985493147,0.8744363653295887,0.3104866187330818,0.3546301538336548,0.6712614128017682
4,42.1,0.4079801858713433,0.203917985493147,0.8744363653295887,0.3104866187330818,0.3546301538336548,0.6712614128017682
4,42.2,0.4079801858713433,0.203917985493147,0.8744363653295887,0.3104866187330818,0.3546301538336548,0.6712614128017682
4,42.300000000000004,0.4079801858713433,0.203917985493147,0.8744363653295887,0.3104866187330818,0.3546301538336548,0.6712614128017682
4,42.400000000000006,0.4079801858713433,0.203917985493147,0.8744363653295887,0.3104866187330818,0.3546301538336548,0.6712614128017682
4,42.5,0.4079801858713433,0.203917985493147,0.8744363653295887,0.3104866187330818,0.3546301538336548,0.6712614128017682
4,42.6,0.4079801858713433,0.203917985493147,0.8744363653295887,0.3104866187330818,0.3546301538336548,0.6712614128017682
4,42.7,0.4079801858713433,0.203917985493147,0.8744363653295887,0.3104866187330818,0.3546301538336548,0.6712614128017682
4,42.800000000000004,0.4079801858713433,0.203917985493147,0.8744363653295887,0.3104866187330818,0.3546301538336548,0.6712614128017682
4,42.900000000000006,0.4079801858713433,0.203917985493147,0.8744363653295887,0.3104866187330818,0.3546301538336548,0.6712614128017682
4,43.0,0.4079801858713433,0.203917985493147,0.8744363653295887,0.3104866187330818,0.3546301538336548,0.6712614128017682
4,43.1,0.4079801858713433,0.203917985493147,0.8744363653295887,0.3104866187330818,0.3546301538336548,0.6712614128017682
4,43.2,0.4079801858713433,0.203917985493147,0.8744363653295887,0.3104866187330818,0.3546301538336548,0.6712614128017682
4,43.300000000000004,0.4079801858713433,0.203917985493147,0.8744363653295887,0.3104866187330818,0.3546301538336548,0.6712614128017682
4,43.400000000000006,0.4079801858713433,0.203917985493147,0.8744363653295887,0.3104866187330818,0.3546301538336548,0.6712614128017682
4,43.5,0.4079801858713433,0.203917985493147,0.8744363653295887,0.3104866187330818,0.3546301538336548,0.6712614128017682
4,43.6,0.4079801858713433,0.203917985493147,0.8744363653295887,0.3104866187330818,0.3546301538336548,0.6712614128017682
4,43.7,0.4079801858713433,0.203917985493147,0.8744363653295887,0.3104866187330818,0.3546301538336548,0.6712614128017682
4,43.800000000000004,0.4079801858713433,0.203917985493147,0.8744363653295887,0.3104866187330818,0.3546301538336548,0.6712614128017682
4,43.900000000000006,0.4079801858713433,0.203917985493147,0.8744363653295887,0.3104866187330818,0.3546301538336548,0.6712614128017682
4,44.0,0.4079801858713433,0.203917985493147,0.8744363653295887,0.3104866187330818,0.3546301538336548,0.6712614128017682
4,44.1,0.4079801858713433,0.203917985493147,0.8744363653295887,0.3104866187330818,0.3546301538336548,0.6712614128017682
4,44.2,0.40676841093959837,0.20710837289847417,0.8624112653416999,0.3104866187330818,0.3546301538336548,0.6712614128017682
4,44.300000000000004,0.4055566360078534,0.21029876030380157,0.8503861653538111,0.3104866187330818,0.3546301538336548,0.6712614128017682
4,44.400000000000006,0.40434486107610845,0.21348914770912875,0.8383610653659223,0.3104866187330818,0.3546301538336548,0.6712614128017682
4,44.5,0.4031330861443635,0.21667953511445615,0.8263359653780334,0.3104866187330818,0.3546301538336548,0.6712614128017682
4,44.6,0.4031330861443635,0.21667953511445615,0.8263359653780334,0.3104866187330818,0.3546301538336548,0.6712614128017682
4,44.7,0.4031330861443635,0.21667953511445615,0.8263359653780334,0.3104866187330818,0.3546301538336548,0.6712614128017682
4,44.800000000000004,0.4031330861443635,0.21667953511445615,0.8263359653780334,0.3104866187330818,0.3546301538336548,0.6712614128017682
4,44.900000000000006,0.4031330861443635,0.21667953511445615,0.8263359653780334,0.3104866187330818,0.3546301538336548,0.6712614128017682
4,45.0,0.4031330861443635,0.21667953511445615,0.8263359653780334,0.3104866187330818,0.3546301538336548,0.6712614128017682
4,45.1,0.4031330861443635,0.21667953511445615,0.8263359653780334,0.3104866187330818,0.3546301538336548,0.6712614128017682
4,45.2,0.4031330861443635,0.21667953511445615,0.8263359653780334,0.3104866187330818,0.3546301538336548,0.6712614128017682
4,45.300000000000004,0.4031330861443635,0.21667953511445615,0.8263359653780334,0.3104866187330818,0.3546301538336548,0.6712614128017682
4,45.400000000000006,0.4031330861443635,0.21667953511445615,0.8263359653780334,0.3104866187330818,0.3546301538336548,0.6712614128017682
4,45.5,0.4031330861443635,0.21667953511445615,0.8263359653780334,0.3104866187330818,0.3546301538336548,0.6712614128017682
4,45.6,0.4031330861443635,0.21667953511445615,0.8263359653780334,0.3104866187330818,0.3546301538336548,0.6712614128017682
4,45.7,0.4031330861443635,0.21667953511445615,0.8263359653780334,0.3104866187330818,0.3546301538336548,0.6712614128017682
4,45.800000000000004,0.4031330861443635,0.21667953511445615,0.8263359653780334,0.3104866187330818,0.3546301538336548,0.6712614128017682
4,45.900000000000006,0.4031330861443635,0.21667953511445615,0.8263359653780334,0.3104866187330818,0.3546301538336548,0.6712614128017682
4,46.0,0.4031330861443635,0.21667953511445615,0.8263359653780334,0.3104866187330818,0.3546301538336548,0.6712614128017682
4,46.1,0.4031330861443635,0.21667953511445615,0.8263359653780334,0.3104866187330818,0.3546301538336548,0.6712614128017682
4,46.2,0.4031330861443635,0.21667953511445615,0.8263359653780334,0.3104866187330818,0.3546301538336548,0.6712614128017682
4,46.300000000000004,0.4031330861443635,0.21667953511445615,0.8263359653780334,0.3104866187330818,0.3546301538336548,0.6712614128017682
4,46.400000000000006,0.4031330861443635,0.21667953511445615,0.8263359653780334,0.3104866187330818,0.3546301538336548,0.6712614128017682
4,46.5,0.4031330861443635,0.21667953511445615,0.8263359653780334,0.3104866187330818,0.3546301538336548,0.6712614128017682
4,46.6,0.4031330861443635,0.21667953511445615,0.8263359653780334,0.3104866187330818,0.3546301538336548,0.6712614128017682
4,46.7,0.4031330861443635,0.21667953511445615,0.8263359653780334,0.3104866187330818,0.3546301538336548,0.6712614128017682
4,46.800000000000004,0.4031330861443635,0.21667953511445615,0.8263359653780334,0.3104866187330818,0.3546301538336548,0.6712614128017682
4,46.900000000000006,0.4031330861443635,0.21667953511445615,0.8263359653780334,0.3104866187330818,0.3546301538336548,0.6712614128017682
4,47.0,0.4031330861443635,0.21667953511445615,0.8263359653780334,0.3104866187330818,0.3546301538336548,0.6712614128017682
4,47.1,0.4031330861443635,0.21667953511445615,0.8263359653780334,0.3104866187330818,0.3546301538336548,0.6712614128017682
4,47.2,0.4031330861443635,0.21667953511445615,0.8263359653780334,0.3104866187330818,0.3546301538336548,0.6712614128017682
4,47.300000000000004,0.4031330861443635,0.21667953511445615,0.8263359653780334,0.3104866187330818,0.3546301538336548,0.6712614128017682
4,47.400000000000006,0.4031330861443635,0.21667953511445615,0.8263359653780334,0.3104866187330818,0.3546301538336548,0.6712614128017682
4,47.5,0.4031330861443635,0.21667953511445615,0.8263359653780334,0.3104866187330818,0.3546301538336548,0.6712614128017682
4,47.6,0.4031330861443635,0.21667953511445615,0.8263359653780334,0.3104866187330818,0.3546301538336548,0.6712614128017682
4,47.7,0.4031330861443635,0.21667953511445615,0.8263359653780334,0.3104866187330818,0.3546301538336548,0.6712614128017682
4,47.800000000000004,0.4031330861443635,0.21667953511445615,0.8263359653780334,0.3104866187330818,0.3546301538336548,0.6712614128017682
4,47.900000000000006,0.4031330861443635,0.21667953511445615,0.8263359653780334,0.3104866187330818,0.3546301538336548,0.6712614128017682
4,48.0,0.4031330861443635,0.21667953511445615,0.8263359653780334,0.3104866187330818,0.3546301538336548,0.6712614128017682
4,48.1,0.4031330861443635,0.21667953511445615,0.8263359653780334,0.3104866187330818,0.3546301538336548,0.6712614128017682
4,48.2,0.4031330861443635,0.21667953511445615,0.8263359653780334,0.3104866187330818,0.3546301538336548,0.6712614128017682
4,48.300000000000004,0.4031330861443635,0.21667953511445615,0.8263359653780334,0.3104866187330818,0.3546301538336548,0.6712614128017682
4,48.400000000000006,0.4031330861443635,0.21667953511445615,0.8263359653780334,0.3104866187330818,0.3546301538336548,0.6712614128017682
4,48.5,0.4031330861443635,0.21667953511445615,0.8263359653780334,0.3104866187330818,0.3546301538336548,0.6712614128017682
4,48.6,0.4031330861443635,0.21667953511445615,0.8263359653780334,0.3104866187330818,0.3546301538336548,0.6712614128017682
4,48.7,0.4031330861443635,0.21667953511445615,0.8263359653780334,0.3104866187330818,0.3546301538336548,0.6712614128017682
4,48.800000000000004,0.4031330861443635,0.21667953511445615,0.8263359653780334,0.3104866187330818,0.3546301538336548,0.6712614128017682
4,48.900000000000006,0.4031330861443635,0.21667953511445615,0.8263359653780334,0.3104866187330818,0.3546301538336548,0.6712614128017682
4,49.0,0.4031330861443635,0.21667953511445615,0.8263359653780334,0.3104866187330818,0.3546301538336548,0.6712614128017682
4,49.1,0.4031330861443635,0.21667953511445615,0.8263359653780334,0.3104866187330818,0.3546301538336548,0.6712614128017682
4,49.2,0.4031330861443635,0.21667953511445615,0.8263359653780334,0.3104866187330818,0.3546301538336548,0.6712614128017682
4,49.300000000000004,0.40137901595142456,0.22098731298419239,0.8147335394427708,0.3104866187330818,0.3546301538336548,0.6712614128017682
4,49.400000000000006,0.3932661702550746,0.23290170031654278,0.7955204034308931,0.3104866187330818,0.3546301538336548,0.6712614128017682
4,49.5,0.38515332455872453,0.24481608764889318,0.7763072674190155,0.2175974607856752,0.5012358581945662,1.3729351116213997
4,49.6,0.37704047886237446,0.2567304749812436,0.7570941314071378,0.2175974607856752,0.5012358581945662,1.3729351116213997
4,49.7,0.3706817033589632,0.26433708444385784,0.7494834213305227,0.2175974607856752,0.5012358581945662,1.3729351116213997
4,49.800000000000004,0.3706817033589632,0.26433708444385784,0.7494834213305227,0.2175974607856752,0.5012358581945662,1.3729351116213997
4,49.900000000000006,0.3706817033589632,0.26433708444385784,0.7494834213305227,0.2175974607856752,0.5012358581945662,1.3729351116213997
5,0.0,1.4804205837847049,0.1233919738978142,0.988617493831496,0.1719065945815632,1.5080474691599224,0.7630420269695612
5,0.1,1.4604579343503112,0.11354893942631428,0.9772539545546763,0.1719065945815632,1.5080474691599224,0.7630420269695612
5,0.2,1.4401365180442551,0.10445691547895886,0.965923571782791,0.1719065945815632,1.5080474691599224,0.7630420269695612
5,0.30000000000000004,1.3993527408579913,0.08666471661327313,0.9433005978892048,0.1719065945815632,1.5080474691599224,0.7630420269695612
5,0.4,1.3575707897984697,0.07115538030023383,0.9208193429724179,0.1719065945815632,1.5080474691599224,0.7630420269695612
5,0.5,1.314895097983719,0.05796767180351703,0.8985359984617108,0.1719065945815632,1.5080474691599224,0.7630420269695612
5,0.6000000000000001,1.271432332418206,0.047134553526338885,0.8765062611134191,0.1719065945815632,1.5080474691599224,0.7630420269695612
5,0.7000000000000001,1.2272911273808735,0.03868310262261321,0.8547851937980478,0.1719065945815632,1.5080474691599224,0.7630420269695612
5,0.8,1.1825818128960197,0.032634443318169115,0.8334270878717723,0.1719065945815632,1.5080474691599224,0.7630420269695612
5,0.9,1.137416138965696,0.029003694111186418,0.8124853274763217,0.1719065945815632,1.5080474691599224,0.7630420269695612
5,1.0,1.0919069962528998,0.02779992998382541,0.7920122561064267,0.1719065945815632,1.5080474691599224,0.7630420269695612
5,1.1,1.0461681339137097,0.029026159719495848,0.7720590457783424,0.1719065945815632,1.5080474691599224,0.7630420269695612
5,1.2000000000000002,1.0003138752836345,0.03267931838246674,0.7526755691264582,0.1719065945815632,1.5080474691599224,0.7630420269695612
5,1.3,0.9544588321288134,0.038750274978609056,0.7339102747476841,0.1719065945815632,1.5080474691599224,0.7630420269695612
5,1.4000000000000001,0.9087176181762886,0.04722385527812556,0.7158100661051907,0.1719065945815632,1.5080474691599224,0.7630420269695612
5,1.5,0.8632045626393775,0.05807887974322257,0.698420184294178,0.1719065945815632,1.5080474691599224,0.7630420269695612
5,1.6,0.8180334244541815,0.07128821646592487,0.6817840949626979,0.1719065945815632,1.5080474691599224,0.7630420269695612
5,1.7000000000000002,0.7733171079414893,0.08681884898371539,0.6659433796701714,0.1719065945815632,1.5080474691599224,0.7630420269695612
5,1.8,0.7291673806047754,0.10463195880349652,0.6509376319551446,0.1719065945815632,1.5080474691599224,0.7630420269695612
5,1.9000000000000001,0.685694593769648,0.12468302242760732,0.6368043583720631,0.1719065945815632,1.5080474691599224,0.7630420269695612
5,2.0,0.6430074067630052,0.1469219226393793,0.6235788847444176,0.1719065945815632,1.5080474691599224,0.7630420269695612
5,2.1,0.6012125153213063,0.17129307377007852,0.6112942678685839,0.1719065945815632,1.5080474691599224,0.7630420269695612
5,2.2,0.5604143849067968,0.19773556063412845,0.5999812128890466,0.1719065945815632,1.5080474691599224,0.7630420269695612
5,2.3000000000000003,0.5207149895982578,0.22618329078534993,0.5896679965515297,0.1719065945815632,1.5080474691599224,0.7630420269695612
5,2.4000000000000004,0.4822135572089148,0.256565159713656,0.5803803965258575,0.1719065945815632,1.5080474691599224,0.7630420269695612
5,2.5,0.44500632126858286,0.2888052285692978,0.5721416269752058,0.1719065945815632,1.5080474691599224,0.7630420269695612
5,2.6,0.4091862804899591,0.3228229139704394,0.5649722805327828,0.1719065945815632,1.5080474691599224,0.7630420269695612
5,2.7,0.37484296632027325,0.35853318941964585,0.5588902768309711,0.1719065945815632,1.5080474691599224,0.7630420269695612
5,2.8000000000000003,0.34206221915929724,0.3958467978258463,0.5539108177115792,0.1719065945815632,1.5080474691599224,0.7630420269695612
5,2.9000000000000004,0.31092597380305065,0.43467047460057673,0.5500463492291532,0.1719065945815632,1.5080474691599224,0.7630420269695612
5,3.0,0.2815120546494809,0.47490718077088045,0.5473065305423228,0.1719065945815632,1.5080474691599224,0.7630420269695612
5,3.1,0.260102758851804,0.5056088592871634,0.5456742781950737,0.1719065945815632,1.5080474691599224,0.7630420269695612
5,3.2,0.246276442821328,0.5264094369705632,0.5448691115607485,0.1719065945815632,1.5080474691599224,0.7630420269695612
5,3.3000000000000003,0.2395925094690825,0.5369675882379061,0.5446084827291451,0.1719065945815632,1.5080474691599224,0.7630420269695612
5,3.4000000000000004,0.2395925094690825,0.5369675882379061,0.5446084827291451,0.1719065945815632,1.5080474691599224,0.7630420269695612
5,3.5,0.2395925094690825,0.5369675882379061,0.5446084827291451,0.1719065945815632,1.5080474691599224,0.7630420269695612
5,3.6,0.2395925094690825,0.5369675882379061,0.5446084827291451,0.1719065945815632,1.5080474691599224,0.7630420269695612
5,3.7,0.2395925094690825,0.5369675882379061,0.5446084827291451,0.1719065945815632,1.5080474691599224,0.7630420269695612
5,3.8000000000000003,0.2395925094690825,0.5369675882379061,0.5446084827291451,0.1719065945815632,1.5080474691599224,0.7630420269695612
5,3.9000000000000004,0.2395925094690825,0.5369675882379061,0.5446084827291451,0.1719065945815632,1.5080474691599224,0.7630420269695612
5,4.0,0.2395925094690825,0.5369675882379061,0.5446084827291451,0.1719065945815632,1.5080474691599224,0.7630420269695612
5,4.1000000000000005,0.23338373179527738,0.5478150744769458,0.5446324143050068,0.1719065945815632,1.5080474691599224,0.7630420269695612
5,4.2,0.2214568508368232,0.5697722688603859,0.5449647780477185,0.1719065945815632,1.5080474691599224,0.7630420269695612
5,4.3,0.20431683326315686,0.6030736248090501,0.5458893036284802,0.1719065945815632,1.5080474691599224,0.7630420269695612
5,4.4,0.18248167587030462,0.6479252412477747,0.5476882406222887,0.1719065945815632,1.5080474691599224,0.7630420269695612
5,4.5,0.16268988853246358,0.69365686122639,0.5506177214551307,0.1719065945815632,1.5080474691599224,0.7630420269695612
5,4.6000000000000005,0.144990940410615,0.7401541795115166,0.5546704239505684,0.1719065945815632,1.5080474691599224,0.7630420269695612
5,4.7,0.12942906965762946,0.7873009770227772,0.5598362184629697,0.1719065945815632,1.5080474691599224,0.7630420269695612
5,4.800000000000001,0.1160431728459238,0.8349794113199711,0.5661021931963477,0.1719065945815632,1.5080474691599224,0.7630420269695612
5,4.9,0.10486670774628692,0.8830703111478039,0.5734526864771252,0.1719065945815632,1.5080474691599224,0.7630420269695612
5,5.0,0.09592760970087755,0.9314534743019623,0.5818693259001634,0.1719065945815632,1.5080474691599224,0.7630420269695612
5,5.1000000000000005,0.08924822179941694,0.9800079680720258,0.5913310742502056,0.1719065945815632,1.5080474691599224,0.7630420269695612
5,5.2,0.0848452390331006,1.0286124315102603,0.6018142820839602,0.1719065945815632,1.5080474691599224,0.7630420269695612
5,5.300000000000001,0.08272966656581537,1.0771453787707854,0.6132927468413916,0.1719065945815632,1.5080474691599224,0.7630420269695612
5,5.4,0.08290679222696062,1.12548550276092,0.6257377783384752,0.1719065945815632,1.5080474691599224,0.7630420269695612
5,5.5,0.08537617329462877,1.1735119783457386,0.6391182704777156,0.1719065945815632,1.5080474691599224,0.7630420269695612
5,5.6000000000000005,0.08808831510505866,1.2094065869863926,0.6495027114992205,0.1719065945815632,1.5080474691599224,0.7630420269695612
5,5.7,0.09046902252318234,1.2332327564951868,0.6566529016347536,0.1719065945815632,1.5080474691599224,0.7630420269695612
5,5.800000000000001,0.09194492882730487,1.2450840794971336,0.6603387250589281,0.1719065945815632,1.5080474691599224,0.7630420269695612
5,5.9,0.09194492882730487,1.2450840794971336,0.6603387250589281,0.1719065945815632,1.5080474691599224,0.7630420269695612
5,6.0,0.09194492882730487,1.2450840794971336,0.6603387250589281,0.1719065945815632,1.5080474691599224,0.7630420269695612
5,6.1000000000000005,0.09194492882730487,1.2450840794971336,0.6603387250589281,0.1719065945815632,1.5080474691599224,0.7630420269695612
5,6.2,0.09194492882730487,1.2450840794971336,0.6603387250589281,0.1719065945815632,1.5080474691599224,0.7630420269695612
5,6.300000000000001,0.09194492882730487,1.2450840794971336,0.6603387250589281,0.1719065945815632,1.5080474691599224,0.7630420269695612
5,6.4,0.09194492882730487,1.2450840794971336,0.6603387250589281,0.1719065945815632,1.5080474691599224,0.7630420269695612
5,6.5,0.09194492882730487,1.2450840794971336,0.6603387250589281,0.1719065945815632,1.5080474691599224,0.7630420269695612
5,6.6000000000000005,0.09194492882730487,1.2450840794971336,0.6603387250589281,0.1719065945815632,1.5080474691599224,0.7630420269695612
5,6.7,0.09194492882730487,1.2450840794971336,0.6603387250589281,0.1719065945815632,1.5080474691599224,0.7630420269695612
5,6.800000000000001,0.09194492882730487,1.2450840794971336,0.6603387250589281,0.1719065945815632,1.5080474691599224,0.7630420269695612
5,6.9,0.09194492882730487,1.2450840794971336,0.6603387250589281,0.1719065945815632,1.5080474691599224,0.7630420269695612
5,7.0,0.09194492882730487,1.2450840794971336,0.6603387250589281,0.1719065945815632,1.5080474691599224,0.7630420269695612
5,7.1000000000000005,0.09194492882730487,1.2450840794971336,0.6603387250589281,0.1719065945815632,1.5080474691599224,0.7630420269695612
5,7.2,0.09194492882730487,1.2450840794971336,0.6603387250589281,0.1719065945815632,1.5080474691599224,0.7630420269695612
5,7.300000000000001,0.09194492882730487,1.2450840794971336,0.6603387250589281,0.1719065945815632,1.5080474691599224,0.7630420269695612
5,7.4,0.09194492882730487,1.2450840794971336,0.6603387250589281,0.1719065945815632,1.5080474691599224,0.7630420269695612
5,7.5,0.09194492882730487,1.2450840794971336,0.6603387250589281,0.1719065945815632,1.5080474691599224,0.7630420269695612
5,7.6000000000000005,0.09194492882730487,1.2450840794971336,0.6603387250589281,0.1719065945815632,1.5080474691599224,0.7630420269695612
5,7.7,0.09194492882730487,1.2450840794971336,0.6603387250589281,0.1719065945815632,1.5080474691599224,0.7630420269695612
5,7.800000000000001,0.09398825132442556,1.2567822568587252,0.6642367925568975,0.1719065945815632,1.5080474691599224,0.7630420269695612
5,7.9,0.09603157382154615,1.2684804342203169,0.668134860054867,0.1719065945815632,1.5080474691599224,0.7630420269695612
5,8.0,0.09807489631866673,1.2801786115819085,0.6720329275528365,0.1719065945815632,1.5080474691599224,0.7630420269695612
5,8.1,0.10011821881578742,1.2918767889435,0.675930995050806,0.1719065945815632,1.5080474691599224,0.7630420269695612
5,8.200000000000001,0.10011821881578742,1.2918767889435,0.675930995050806,0.1719065945815632,1.5080474691599224,0.7630420269695612
5,8.3,0.10011821881578742,1.2918767889435,0.675930995050806,0.1719065945815632,1.5080474691599224,0.7630420269695612
5,8.4,0.10011821881578742,1.2918767889435,0.675930995050806,0.1719065945815632,1.5080474691599224,0.7630420269695612
5,8.5,0.10011821881578742,1.2918767889435,0.675930995050806,0.1719065945815632,1.5080474691599224,0.7630420269695612
5,8.6,0.10011821881578742,1.2918767889435,0.675930995050806,0.1719065945815632,1.5080474691599224,0.7630420269695612
5,8.700000000000001,0.10011821881578742,1.2918767889435,0.675930995050806,0.1719065945815632,1.5080474691599224,0.7630420269695612
5,8.8,0.10011821881578742,1.2918767889435,0.675930995050806,0.1719065945815632,1.5080474691599224,0.7630420269695612
5,8.9,0.10272385026380515,1.3033925813136251,0.6800315634838999,0.1719065945815632,1.5080474691599224,0.7630420269695612
5,9.0,0.10849090938910433,1.3262129975787926,0.6884249519996644,0.1719065945815632,1.5080474691599224,0.7630420269695612
5,9.1,0.10875822362299337,1.3384367626203526,0.7005171564886621,0.048413995704747914,1.207489046854522,0.773212937174982
5,9.200000000000001,0.1040874337699993,1.3398509384002486,0.7164804536722935,0.048413995704747914,1.207489046854522,0.773212937174982
5,9.3,0.09840885377634834,1.3240187984614047,0.7173511191071159,0.24726481663234734,1.0416890171668647,0.34299789226508026
5,9.4,0.09173667713467748,1.290979914908449,0.7031269765829758,0.24726481663234734,1.0416890171668647,0.34299789226508026
5,9.5,0.09329664768699031,1.2624787187151096,0.6746191049928578,0.24726481663234734,1.0416890171668647,0.34299789226508026
5,9.600000000000001,0.10308486631932301,1.2385864480287334,0.6318987591691245,0.24726481663234734,1.0416890171668647,0.34299789226508026
5,9.700000000000001,0.11511490568148552,1.2140978354757055,0.590098474744048,0.24726481663234734,1.0416890171668647,0.34299789226508026
5,9.8,0.12935669694019591,1.1890740898339855,0.5493227306595238,0.24726481663234734,1.0416890171668647,0.34299789226508026
5,9.9,0.14577464303428855,1.1635777574355632,0.509673445040166,0.24726481663234734,1.0416890171668647,0.34299789226508026
5,10.0,0.16432770764882954,1.1376725658332014,0.4712497204510745,0.24726481663234734,1.0416890171668647,0.34299789226508026
5,10.100000000000001,0.17451767772965499,1.1264100915962303,0.4510590401203034,0.42985520348550854,1.6715012248833188,1.47330858431646
5,10.200000000000001,0.17631908365839688,1.1298184850448592,0.4491518702335767,0.42985520348550854,1.6715012248833188,1.47330858431646
5,10.3,0.16972742285838738,1.1478892269705236,0.46553297772237623,0.42985520348550854,1.6715012248833188,1.47330858431646
5,10.4,0.1547591710487558,1.18057714992947,0.500161418349096,0.42985520348550854,1.6715012248833188,1.47330858431646
5,10.5,0.14431435173564888,1.2049492207382917,0.5266288166345536,0.42985520348550854,1.6715012248833188,1.47330858431646
5,10.600000000000001,0.13787851364881631,1.2210876766692749,0.5445901520117066,0.42985520348550854,1.6715012248833188,1.47330858431646
5,10.700000000000001,0.13492718515277924,1.2290953347439164,0.5537216646409113,0.42985520348550854,1.6715012248833188,1.47330858431646
5,10.8,0.13492718515277924,1.2290953347439164,0.5537216646409113,0.42985520348550854,1.6715012248833188,1.47330858431646
5,10.9,0.13492718515277924,1.2290953347439164,0.5537216646409113,0.42985520348550854,1.6715012248833188,1.47330858431646
5,11.0,0.13492718515277924,1.2290953347439164,0.5537216646409113,0.42985520348550854,1.6715012248833188,1.47330858431646
5,11.100000000000001,0.13492718515277924,1.2290953347439164,0.5537216646409113,0.42985520348550854,1.6715012248833188,1.47330858431646
5,11.200000000000001,0.13492718515277924,1.2290953347439164,0.5537216646409113,0.42985520348550854,1.6715012248833188,1.47330858431646
5,11.3,0.13492718515277924,1.2290953347439164,0.5537216646409113,0.42985520348550854,1.6715012248833188,1.47330858431646
5,11.4,0.13492718515277924,1.2290953347439164,0.5537216646409113,0.42985520348550854,1.6715012248833188,1.47330858431646
5,11.5,0.13492718515277924,1.2290953347439164,0.5537216646409113,0.42985520348550854,1.6715012248833188,1.47330858431646
5,11.600000000000001,0.13492718515277924,1.2290953347439164,0.5537216646409113,0.42985520348550854,1.6715012248833188,1.47330858431646
5,11.700000000000001,0.13492718515277924,1.2290953347439164,0.5537216646409113,0.42985520348550854,1.6715012248833188,1.47330858431646
5,11.8,0.13492718515277924,1.2290953347439164,0.5537216646409113,0.42985520348550854,1.6715012248833188,1.47330858431646
5,11.9,0.13492718515277924,1.2290953347439164,0.5537216646409113,0.42985520348550854,1.6715012248833188,1.47330858431646
5,12.0,0.13492718515277924,1.2290953347439164,0.5537216646409113,0.42985520348550854,1.6715012248833188,1.47330858431646
5,12.100000000000001,0.13492718515277924,1.2290953347439164,0.5537216646409113,0.42985520348550854,1.6715012248833188,1.47330858431646
5,12.200000000000001,0.13492718515277924,1.2290953347439164,0.5537216646409113,0.42985520348550854,1.6715012248833188,1.47330858431646
5,12.3,0.13492718515277924,1.2290953347439164,0.5537216646409113,0.42985520348550854,1.6715012248833188,1.47330858431646
5,12.4,0.1325164145357185,1.236959838061979,0.5631320431253996,0.42985520348550854,1.6715012248833188,1.47330858431646
5,12.5,0.1282414568516108,1.2525260327789842,0.5822081449042784,0.42985520348550854,1.6715012248833188,1.47330858431646
5,12.600000000000001,0.12265355514728782,1.2756118567582782,0.611181155513026,0.42985520348550854,1.6715012248833188,1.47330858431646
5,12.700000000000001,0.11630723414586397,1.3060164527061981,0.650257523369256,0.42985520348550854,1.6715012248833188,1.47330858431646
5,12.8,0.11216968484077938,1.3356561668926403,0.6902080652747021,0.42985520348550854,1.6715012248833188,1.47330858431646
5,12.9,0.11025124895050298,1.3644569154682036,0.7309329256804407,0.42985520348550854,1.6715012248833188,1.47330858431646
5,13.0,0.11055672156565832,1.3923467115605885,0.7723303136445547,0.42985520348550854,1.6715012248833188,1.47330858431646
5,13.100000000000001,0.11308533916379471,1.4192558452042894,0.8142967572564768,0.42985520348550854,1.6715012248833188,1.47330858431646
5,13.200000000000001,0.11783078151779514,1.445117057579203,0.8567273622628784,0.42985520348550854,1.6715012248833188,1.47330858431646
5,13.3,0.12478118749315348,1.469865709122651,0.8995160742486754,0.42985520348550854,1.6715012248833188,1.47330858431646
5,13.4,0.1339191846946325,1.4934399410946233,0.9425559437178338,0.42985520348550854,1.6715012248833188,1.47330858431646
5,13.5,0.14522193288820562,1.5157808301924125,0.9857393934114115,0.42985520348550854,1.6715012248833188,1.47330858431646
5,13.600000000000001,0.15866118108974636,1.5368325358281847,1.0289584871946804,0.42985520348550854,1.6715012248833188,1.47330858431646
5,13.700000000000001,0.1742033381777761,1.5565424397013663,1.072105199841251,0.42985520348550854,1.6715012248833188,1.47330858431646
5,13.8,0.19180955685377366,1.574861277316994,1.1150716870398807,0.42985520348550854,1.6715012248833188,1.47330858431646
5,13.9,0.21143583074019023,1.5917432611212954,1.157750554949087,0.42985520348550854,1.6715012248833188,1.47330858431646
5,14.0,0.23303310437347613,1.6071461949467263,1.2000351286258213,0.42985520348550854,1.6715012248833188,1.47330858431646
5,14.100000000000001,0.2565473958171903,1.6210315794804162,1.2418197186572721,0.42985520348550854,1.6715012248833188,1.47330858431646
5,14.200000000000001,0.28191993158872997,1.6333647084923995,1.282999885329355,0.42985520348550854,1.6715012248833188,1.47330858431646
5,14.3,0.3090872935624276,1.6441147555831157,1.3234726996716053,0.42985520348550854,1.6715012248833188,1.47330858431646
5,14.4,0.32209115534495303,1.642173724057981,1.3553029634522193,0.41685304158050096,0.19453102993008065,1.1056378868616294
5,14.5,0.32089901405413,1.6275464654849392,1.3784111175886262,0.41685304158050096,0.19453102993008065,1.1056378868616294
5,14.600000000000001,0.3055138494223305,1.6002695403926932,1.3927394037299794,0.41685304158050096,0.19453102993008065,1.1056378868616294
5,14.700000000000001,0.2759741163486953,1.560411126888426,1.3982520086229524,0.41685304158050096,0.19453102993008065,1.1056378868616294
5,14.8,0.2482440709187972,1.5191519774234106,1.4027691909000046,0.41685304158050096,0.19453102993008065,1.1056378868616294
5,14.9,0.2223930238046825,1.4765952183839601,1.4062796599579466,0.41685304158050096,0.19453102993008065,1.1056378868616294
5,15.0,0.19848558916117165,1.4328472195045414,1.40877464145235,0.41685304158050096,0.19453102993008065,1.1056378868616294
5,15.100000000000001,0.17658152312412168,1.3880173279988355,1.410247899228841,0.41685304158050096,0.19453102993008065,1.1056378868616294
5,15.200000000000001,0.15673557445120867,1.3422175952486504,1.4106957509102354,0.41685304158050096,0.19453102993008065,1.1056378868616294
5,15.3,0.13899734767854421,1.2955624967338222,1.4101170771005667,0.41685304158050096,0.19453102993008065,1.1056378868616294
5,15.4,0.12341117913517041,1.248168645903132,1.4085133241829912,0.41685304158050096,0.19453102993008065,1.1056378868616294
5,15.5,0.11001602612532568,1.2001545027014164,1.4058885007045852,0.41685304158050096,0.19453102993008065,1.1056378868616294
5,15.600000000000001,0.09884536955547407,1.1516400774813973,1.4022491673570623,0.41685304158050096,0.19453102993008065,1.1056378868616294
5,15.700000000000001,0.08992713024947463,1.1027466310403002,1.3976044205784637,0.41685304158050096,0.19453102993008065,1.1056378868616294
5,15.8,0.08328359916106298,1.0535963715310137,1.391965869816798,0.41685304158050096,0.19453102993008065,1.1056378868616294
5,15.9,0.07893138165807623,1.0043121490053502,1.3853476085124694,0.41685304158050096,0.19453102993008065,1.1056378868616294
5,16.0,0.07652803730841529,0.967306397472158,1.3800171725645076,0.41685304158050096,0.19453102993008065,1.1056378868616294
5,16.1,0.07550174188618197,0.9426280556447632,1.3762217144099052,0.41685304158050096,0.19453102993008065,1.1056378868616294
5,16.2,0.07527722926031233,0.9302952501322177,1.374204549840572,0.41685304158050096,0.19453102993008065,1.1056378868616294
5,16.3,0.07527722926031233,0.9302952501322177,1.374204549840572,0.41685304158050096,0.19453102993008065,1.1056378868616294
5,16.400000000000002,0.07502798106780562,0.9183505720106584,1.3705286091567639,0.41685304158050096,0.19453102993008065,1.1056378868616294
5,16.5,0.0747787328752989,0.9064058938890991,1.3668526684729558,0.41685304158050096,0.19453102993008065,1.1056378868616294
5,16.6,0.07452948468279219,0.8944612157675398,1.3631767277891478,0.41685304158050096,0.19453102993008065,1.1056378868616294
5,16.7,0.07428023649028537,0.8825165376459806,1.3595007871053397,0.41685304158050096,0.19453102993008065,1.1056378868616294
5,16.8,0.07428023649028537,0.8825165376459806,1.3595007871053397,0.41685304158050096,0.19453102993008065,1.1056378868616294
5,16.900000000000002,0.07428023649028537,0.8825165376459806,1.3595007871053397,0.41685304158050096,0.19453102993008065,1.1056378868616294
5,17.0,0.07428023649028537,0.8825165376459806,1.3595007871053397,0.41685304158050096,0.19453102993008065,1.1056378868616294
5,17.1,0.07428023649028537,0.8825165376459806,1.3595007871053397,0.41685304158050096,0.19453102993008065,1.1056378868616294
5,17.2,0.07428023649028537,0.8825165376459806,1.3595007871053397,0.41685304158050096,0.19453102993008065,1.1056378868616294
5,17.3,0.07428023649028537,0.8825165376459806,1.3595007871053397,0.41685304158050096,0.19453102993008065,1.1056378868616294
5,17.400000000000002,0.07428023649028537,0.8825165376459806,1.3595007871053397,0.41685304158050096,0.19453102993008065,1.1056378868616294
5,17.5,0.07428023649028537,0.8825165376459806,1.3595007871053397,0.41685304158050096,0.19453102993008065,1.1056378868616294
5,17.6,0.07428023649028537,0.8825165376459806,1.3595007871053397,0.41685304158050096,0.19453102993008065,1.1056378868616294
5,17.7,0.07428023649028537,0.8825165376459806,1.3595007871053397,0.41685304158050096,0.19453102993008065,1.1056378868616294
5,17.8,0.07523362129248956,0.8702894910140326,1.3570908451368622,0.41685304158050096,0.19453102993008065,1.1056378868616294
5,17.900000000000002,0.07618700609469387,0.8580624443820848,1.3546809031683849,0.41685304158050096,0.19453102993008065,1.1056378868616294
5,18.0,0.07714039089689806,0.8458353977501369,1.3522709611999075,0.41685304158050096,0.19453102993008065,1.1056378868616294
5,18.1,0.07809377569910225,0.833608351118189,1.3498610192314302,0.41685304158050096,0.19453102993008065,1.1056378868616294
5,18.2,0.07809377569910225,0.833608351118189,1.3498610192314302,0.41685304158050096,0.19453102993008065,1.1056378868616294
5,18.3,0.07809377569910225,0.833608351118189,1.3498610192314302,0.41685304158050096,0.19453102993008065,1.1056378868616294
5,18.400000000000002,0.07809377569910225,0.833608351118189,1.3498610192314302,0.41685304158050096,0.19453102993008065,1.1056378868616294
5,18.5,0.07809377569910225,0.833608351118189,1.3498610192314302,0.41685304158050096,0.19453102993008065,1.1056378868616294
5,18.6,0.07809377569910225,0.833608351118189,1.3498610192314302,0.41685304158050096,0.19453102993008065,1.1056378868616294
5,18.7,0.07809377569910225,0.833608351118189,1.3498610192314302,0.41685304158050096,0.19453102993008065,1.1056378868616294
5,18.8,0.07809377569910225,0.833608351118189,1.3498610192314302,0.41685304158050096,0.19453102993008065,1.1056378868616294
5,18.900000000000002,0.07809377569910225,0.833608351118189,1.3498610192314302,0.41685304158050096,0.19453102993008065,1.1056378868616294
5,19.0,0.07809377569910225,0.833608351118189,1.3498610192314302,0.41685304158050096,0.19453102993008065,1.1056378868616294
5,19.1,0.07809377569910225,0.833608351118189,1.3498610192314302,0.41685304158050096,0.19453102993008065,1.1056378868616294
5,19.200000000000003,0.07809377569910225,0.833608351118189,1.3498610192314302,0.41685304158050096,0.19453102993008065,1.1056378868616294
5,19.3,0.07809377569910225,0.833608351118189,1.3498610192314302,0.41685304158050096,0.19453102993008065,1.1056378868616294
5,19.400000000000002,0.07809377569910225,0.833608351118189,1.3498610192314302,0.41685304158050096,0.19453102993008065,1.1056378868616294
5,19.5,0.07809377569910225,0.833608351118189,1.3498610192314302,0.41685304158050096,0.19453102993008065,1.1056378868616294
5,19.6,0.07809377569910225,0.833608351118189,1.3498610192314302,0.41685304158050096,0.19453102993008065,1.1056378868616294
5,19.700000000000003,0.07809377569910225,0.833608351118189,1.3498610192314302,0.41685304158050096,0.19453102993008065,1.1056378868616294
5,19.8,0.07809377569910225,0.833608351118189,1.3498610192314302,0.41685304158050096,0.19453102993008065,1.1056378868616294
5,19.900000000000002,0.07809377569910225,0.833608351118189,1.3498610192314302,0.41685304158050096,0.19453102993008065,1.1056378868616294
5,20.0,0.07809377569910225,0.833608351118189,1.3498610192314302,0.41685304158050096,0.19453102993008065,1.1056378868616294
5,20.1,0.07809377569910225,0.833608351118189,1.3498610192314302,0.41685304158050096,0.19453102993008065,1.1056378868616294
5,20.200000000000003,0.07809377569910225,0.833608351118189,1.3498610192314302,0.41685304158050096,0.19453102993008065,1.1056378868616294
5,20.3,0.07809377569910225,0.833608351118189,1.3498610192314302,0.41685304158050096,0.19453102993008065,1.1056378868616294
5,20.400000000000002,0.07809377569910225,0.833608351118189,1.3498610192314302,0.41685304158050096,0.19453102993008065,1.1056378868616294
5,20.5,0.07809377569910225,0.833608351118189,1.3498610192314302,0.41685304158050096,0.19453102993008065,1.1056378868616294
5,20.6,0.07809377569910225,0.833608351118189,1.3498610192314302,0.41685304158050096,0.19453102993008065,1.1056378868616294
5,20.700000000000003,0.07809377569910225,0.833608351118189,1.3498610192314302,0.41685304158050096,0.19453102993008065,1.1056378868616294
5,20.8,0.07809377569910225,0.833608351118189,1.3498610192314302,0.41685304158050096,0.19453102993008065,1.1056378868616294
5,20.900000000000002,0.07809377569910225,0.833608351118189,1.3498610192314302,0.41685304158050096,0.19453102993008065,1.1056378868616294
5,21.0,0.07809377569910225,0.833608351118189,1.3498610192314302,0.41685304158050096,0.19453102993008065,1.1056378868616294
5,21.1,0.07809377569910225,0.833608351118189,1.3498610192314302,0.41685304158050096,0.19453102993008065,1.1056378868616294
5,21.200000000000003,0.07809377569910225,0.833608351118189,1.3498610192314302,0.41685304158050096,0.19453102993008065,1.1056378868616294
5,21.3,0.07809377569910225,0.833608351118189,1.3498610192314302,0.41685304158050096,0.19453102993008065,1.1056378868616294
5,21.400000000000002,0.07809377569910225,0.833608351118189,1.3498610192314302,0.41685304158050096,0.19453102993008065,1.1056378868616294
5,21.5,0.07809377569910225,0.833608351118189,1.3498610192314302,0.41685304158050096,0.19453102993008065,1.1056378868616294
5,21.6,0.07809377569910225,0.833608351118189,1.3498610192314302,0.41685304158050096,0.19453102993008065,1.1056378868616294
5,21.700000000000003,0.07809377569910225,0.833608351118189,1.3498610192314302,0.41685304158050096,0.19453102993008065,1.1056378868616294
5,21.8,0.07809377569910225,0.833608351118189,1.3498610192314302,0.41685304158050096,0.19453102993008065,1.1056378868616294
5,21.900000000000002,0.07809377569910225,0.833608351118189,1.3498610192314302,0.41685304158050096,0.19453102993008065,1.1056378868616294
5,22.0,0.07809377569910225,0.833608351118189,1.3498610192314302,0.41685304158050096,0.19453102993008065,1.1056378868616294
5,22.1,0.07809377569910225,0.833608351118189,1.3498610192314302,0.41685304158050096,0.19453102993008065,1.1056378868616294
5,22.200000000000003,0.07809377569910225,0.833608351118189,1.3498610192314302,0.41685304158050096,0.19453102993008065,1.1056378868616294
5,22.3,0.07809377569910225,0.833608351118189,1.3498610192314302,0.41685304158050096,0.19453102993008065,1.1056378868616294
5,22.400000000000002,0.07809377569910225,0.833608351118189,1.3498610192314302,0.41685304158050096,0.19453102993008065,1.1056378868616294
5,22.5,0.07809377569910225,0.833608351118189,1.3498610192314302,0.41685304158050096,0.19453102993008065,1.1056378868616294
5,22.6,0.07809377569910225,0.833608351118189,1.3498610192314302,0.41685304158050096,0.19453102993008065,1.1056378868616294
5,22.700000000000003,0.07809377569910225,0.833608351118189,1.3498610192314302,0.41685304158050096,0.19453102993008065,1.1056378868616294
5,22.8,0.07809377569910225,0.833608351118189,1.3498610192314302,0.41685304158050096,0.19453102993008065,1.1056378868616294
5,22.900000000000002,0.07809377569910225,0.833608351118189,1.3498610192314302,0.41685304158050096,0.19453102993008065,1.1056378868616294
5,23.0,0.07809377569910225,0.833608351118189,1.3498610192314302,0.41685304158050096,0.19453102993008065,1.1056378868616294
5,23.1,0.07809377569910225,0.833608351118189,1.3498610192314302,0.41685304158050096,0.19453102993008065,1.1056378868616294
5,23.200000000000003,0.0827964672266408,0.8245168600221411,1.3570359395827163,0.41685304158050096,0.19453102993008065,1.1056378868616294
5,23.3,0.08749915875417935,0.8154253689260931,1.3642108599340022,0.41685304158050096,0.19453102993008065,1.1056378868616294
5,23.400000000000002,0.0922018502817179,0.8063338778300451,1.371385780285288,0.41685304158050096,0.19453102993008065,1.1056378868616294
5,23.5,0.09690454180925645,0.797242386733997,1.3785607006365739,0.41685304158050096,0.19453102993008065,1.1056378868616294
5,23.6,0.09690454180925645,0.797242386733997,1.3785607006365739,0.41685304158050096,0.19453102993008065,1.1056378868616294
5,23.700000000000003,0.09690454180925645,0.797242386733997,1.3785607006365739,0.41685304158050096,0.19453102993008065,1.1056378868616294
5,23.8,0.09690454180925645,0.797242386733997,1.3785607006365739,0.41685304158050096,0.19453102993008065,1.1056378868616294
5,23.900000000000002,0.09857714950275565,0.7852869882356672,1.375322141885208,0.41685304158050096,0.19453102993008065,1.1056378868616294
5,24.0,0.10024975719625484,0.7733315897373374,1.3720835831338418,0.41685304158050096,0.19453102993008065,1.1056378868616294
5,24.1,0.10192236488975426,0.7613761912390077,1.368845024382476,0.41685304158050096,0.19453102993008065,1.1056378868616294
5,24.200000000000003,0.10359497258325345,0.7494207927406779,1.3656064656311098,0.41685304158050096,0.19453102993008065,1.1056378868616294
5,24.3,0.10359497258325345,0.7494207927406779,1.3656064656311098,0.41685304158050096,0.19453102993008065,1.1056378868616294
5,24.400000000000002,0.10359497258325345,0.7494207927406779,1.3656064656311098,0.41685304158050096,0.19453102993008065,1.1056378868616294
5,24.5,0.10359497258325345,0.7494207927406779,1.3656064656311098,0.41685304158050096,0.19453102993008065,1.1056378868616294
5,24.6,0.10359497258325345,0.7494207927406779,1.3656064656311098,0.41685304158050096,0.19453102993008065,1.1056378868616294
5,24.700000000000003,0.10359497258325345,0.7494207927406779,1.3656064656311098,0.41685304158050096,0.19453102993008065,1.1056378868616294
5,24.8,0.10359497258325345,0.7494207927406779,1.3656064656311098,0.41685304158050096,0.19453102993008065,1.1056378868616294
5,24.900000000000002,0.10359497258325345,0.7494207927406779,1.3656064656311098,0.41685304158050096,0.19453102993008065,1.1056378868616294
5,25.0,0.10359497258325345,0.7494207927406779,1.3656064656311098,0.41685304158050096,0.19453102993008065,1.1056378868616294
5,25.1,0.10359497258325345,0.7494207927406779,1.3656064656311098,0.41685304158050096,0.19453102993008065,1.1056378868616294
5,25.200000000000003,0.10359497258325345,0.7494207927406779,1.3656064656311098,0.41685304158050096,0.19453102993008065,1.1056378868616294
5,25.3,0.10359497258325345,0.7494207927406779,1.3656064656311098,0.41685304158050096,0.19453102993008065,1.1056378868616294
5,25.400000000000002,0.10359497258325345,0.7494207927406779,1.3656064656311098,0.41685304158050096,0.19453102993008065,1.1056378868616294
5,25.5,0.10359497258325345,0.7494207927406779,1.3656064656311098,0.41685304158050096,0.19453102993008065,1.1056378868616294
5,25.6,0.10359497258325345,0.7494207927406779,1.3656064656311098,0.41685304158050096,0.19453102993008065,1.1056378868616294
5,25.700000000000003,0.10359497258325345,0.7494207927406779,1.3656064656311098,0.41685304158050096,0.19453102993008065,1.1056378868616294
5,25.8,0.10359497258325345,0.7494207927406779,1.3656064656311098,0.41685304158050096,0.19453102993008065,1.1056378868616294
5,25.900000000000002,0.10359497258325345,0.7494207927406779,1.3656064656311098,0.41685304158050096,0.19453102993008065,1.1056378868616294
5,26.0,0.10359497258325345,0.7494207927406779,1.3656064656311098,0.41685304158050096,0.19453102993008065,1.1056378868616294
5,26.1,0.10359497258325345,0.7494207927406779,1.3656064656311098,0.41685304158050096,0.19453102993008065,1.1056378868616294
5,26.200000000000003,0.10359497258325345,0.7494207927406779,1.3656064656311098,0.41685304158050096,0.19453102993008065,1.1056378868616294
5,26.3,0.10359497258325345,0.7494207927406779,1.3656064656311098,0.41685304158050096,0.19453102993008065,1.1056378868616294
5,26.400000000000002,0.10359497258325345,0.7494207927406779,1.3656064656311098,0.41685304158050096,0.19453102993008065,1.1056378868616294
5,26.5,0.10359497258325345,0.7494207927406779,1.3656064656311098,0.41685304158050096,0.19453102993008065,1.1056378868616294
5,26.6,0.10359497258325345,0.7494207927406779,1.3656064656311098,0.41685304158050096,0.19453102993008065,1.1056378868616294
5,26.700000000000003,0.10359497258325345,0.7494207927406779,1.3656064656311098,0.41685304158050096,0.19453102993008065,1.1056378868616294
5,26.8,0.10359497258325345,0.7494207927406779,1.3656064656311098,0.41685304158050096,0.19453102993008065,1.1056378868616294
5,26.900000000000002,0.10359497258325345,0.7494207927406779,1.3656064656311098,0.41685304158050096,0.19453102993008065,1.1056378868616294
5,27.0,0.10359497258325345,0.7494207927406779,1.3656064656311098,0.41685304158050096,0.19453102993008065,1.1056378868616294
5,27.1,0.10359497258325345,0.7494207927406779,1.3656064656311098,0.41685304158050096,0.19453102993008065,1.1056378868616294
5,27.200000000000003,0.10359497258325345,0.7494207927406779,1.3656064656311098,0.41685304158050096,0.19453102993008065,1.1056378868616294
5,27.3,0.10359497258325345,0.7494207927406779,1.3656064656311098,0.41685304158050096,0.19453102993008065,1.1056378868616294
5,27.400000000000002,0.10359497258325345,0.7494207927406779,1.3656064656311098,0.41685304158050096,0.19453102993008065,1.1056378868616294
5,27.5,0.10359497258325345,0.7494207927406779,1.3656064656311098,0.41685304158050096,0.19453102993008065,1.1056378868616294
5,27.6,0.10359497258325345,0.7494207927406779,1.3656064656311098,0.41685304158050096,0.19453102993008065,1.1056378868616294
5,27.700000000000003,0.10359497258325345,0.7494207927406779,1.3656064656311098,0.41685304158050096,0.19453102993008065,1.1056378868616294
5,27.8,0.10359497258325345,0.7494207927406779,1.3656064656311098,0.41685304158050096,0.19453102993008065,1.1056378868616294
5,27.900000000000002,0.10359497258325345,0.7494207927406779,1.3656064656311098,0.41685304158050096,0.19453102993008065,1.1056378868616294
5,28.0,0.10359497258325345,0.7494207927406779,1.3656064656311098,0.41685304158050096,0.19453102993008065,1.1056378868616294
5,28.1,0.10359497258325345,0.7494207927406779,1.3656064656311098,0.41685304158050096,0.19453102993008065,1.1056378868616294
5,28.200000000000003,0.10359497258325345,0.7494207927406779,1.3656064656311098,0.41685304158050096,0.19453102993008065,1.1056378868616294
5,28.3,0.10359497258325345,0.7494207927406779,1.3656064656311098,0.41685304158050096,0.19453102993008065,1.1056378868616294
5,28.400000000000002,0.10359497258325345,0.7494207927406779,1.3656064656311098,0.41685304158050096,0.19453102993008065,1.1056378868616294
5,28.5,0.10359497258325345,0.7494207927406779,1.3656064656311098,0.41685304158050096,0.19453102993008065,1.1056378868616294
5,28.6,0.10359497258325345,0.7494207927406779,1.3656064656311098,0.41685304158050096,0.19453102993008065,1.1056378868616294
5,28.700000000000003,0.10359497258325345,0.7494207927406779,1.3656064656311098,0.41685304158050096,0.19453102993008065,1.1056378868616294
5,28.8,0.10359497258325345,0.7494207927406779,1.3656064656311098,0.41685304158050096,0.19453102993008065,1.1056378868616294
5,28.900000000000002,0.10359497258325345,0.7494207927406779,1.3656064656311098,0.41685304158050096,0.19453102993008065,1.1056378868616294
5,29.0,0.10886511174241753,0.7393208100990354,1.3707509757031735,0.41685304158050096,0.19453102993008065,1.1056378868616294
5,29.1,0.1141352509015815,0.7292208274573929,1.3758954857752375,0.41685304158050096,0.19453102993008065,1.1056378868616294
5,29.200000000000003,0.11940539006074558,0.7191208448157504,1.3810399958473014,0.41685304158050096,0.19453102993008065,1.1056378868616294
5,29.3,0.12467552921990965,0.709020862174108,1.3861845059193652,0.41685304158050096,0.19453102993008065,1.1056378868616294
5,29.400000000000002,0.12467552921990965,0.709020862174108,1.3861845059193652,0.41685304158050096,0.19453102993008065,1.1056378868616294
5,29.5,0.12467552921990965,0.709020862174108,1.3861845059193652,0.41685304158050096,0.19453102993008065,1.1056378868616294
5,29.6,0.12467552921990965,0.709020862174108,1.3861845059193652,0.41685304158050096,0.19453102993008065,1.1056378868616294
5,29.700000000000003,0.12467552921990965,0.709020862174108,1.3861845059193652,0.41685304158050096,0.19453102993008065,1.1056378868616294
5,29.8,0.12467552921990965,0.709020862174108,1.3861845059193652,0.41685304158050096,0.19453102993008065,1.1056378868616294
5,29.900000000000002,0.12467552921990965,0.709020862174108,1.3861845059193652,0.41685304158050096,0.19453102993008065,1.1056378868616294
5,30.0,0.12467552921990965,0.709020862174108,1.3861845059193652,0.41685304158050096,0.19453102993008065,1.1056378868616294
5,30.1,0.12467552921990965,0.709020862174108,1.3861845059193652,0.41685304158050096,0.19453102993008065,1.1056378868616294
5,30.200000000000003,0.12467552921990965,0.709020862174108,1.3861845059193652,0.41685304158050096,0.19453102993008065,1.1056378868616294
5,30.3,0.12467552921990965,0.709020862174108,1.3861845059193652,0.41685304158050096,0.19453102993008065,1.1056378868616294
5,30.400000000000002,0.12467552921990965,0.709020862174108,1.3861845059193652,0.41685304158050096,0.19453102993008065,1.1056378868616294
5,30.5,0.12467552921990965,0.709020862174108,1.3861845059193652,0.41685304158050096,0.19453102993008065,1.1056378868616294
5,30.6,0.12467552921990965,0.709020862174108,1.3861845059193652,0.41685304158050096,0.19453102993008065,1.1056378868616294
5,30.700000000000003,0.12467552921990965,0.709020862174108,1.3861845059193652,0.41685304158050096,0.19453102993008065,1.1056378868616294
5,30.8,0.12467552921990965,0.709020862174108,1.3861845059193652,0.41685304158050096,0.19453102993008065,1.1056378868616294
5,30.900000000000002,0.12467552921990965,0.709020862174108,1.3861845059193652,0.41685304158050096,0.19453102993008065,1.1056378868616294
5,31.0,0.12467552921990965,0.709020862174108,1.3861845059193652,0.41685304158050096,0.19453102993008065,1.1056378868616294
5,31.1,0.12467552921990965,0.709020862174108,1.3861845059193652,0.41685304158050096,0.19453102993008065,1.1056378868616294
5,31.200000000000003,0.12467552921990965,0.709020862174108,1.3861845059193652,0.41685304158050096,0.19453102993008065,1.1056378868616294
5,31.3,0.12467552921990965,0.709020862174108,1.3861845059193652,0.41685304158050096,0.19453102993008065,1.1056378868616294
5,31.400000000000002,0.12467552921990965,0.709020862174108,1.3861845059193652,0.41685304158050096,0.19453102993008065,1.1056378868616294
5,31.5,0.12467552921990965,0.709020862174108,1.3861845059193652,0.41685304158050096,0.19453102993008065,1.1056378868616294
5,31.6,0.12467552921990965,0.709020862174108,1.3861845059193652,0.41685304158050096,0.19453102993008065,1.1056378868616294
5,31.700000000000003,0.12467552921990965,0.709020862174108,1.3861845059193652,0.41685304158050096,0.19453102993008065,1.1056378868616294
5,31.8,0.12467552921990965,0.709020862174108,1.3861845059193652,0.41685304158050096,0.19453102993008065,1.1056378868616294
5,31.900000000000002,0.12467552921990965,0.709020862174108,1.3861845059193652,0.41685304158050096,0.19453102993008065,1.1056378868616294
5,32.0,0.12467552921990965,0.709020862174108,1.3861845059193652,0.41685304158050096,0.19453102993008065,1.1056378868616294
5,32.1,0.12467552921990965,0.709020862174108,1.3861845059193652,0.41685304158050096,0.19453102993008065,1.1056378868616294
5,32.2,0.12467552921990965,0.709020862174108,1.3861845059193652,0.41685304158050096,0.19453102993008065,1.1056378868616294
5,32.300000000000004,0.12467552921990965,0.709020862174108,1.3861845059193652,0.41685304158050096,0.19453102993008065,1.1056378868616294
5,32.4,0.12467552921990965,0.709020862174108,1.3861845059193652,0.41685304158050096,0.19453102993008065,1.1056378868616294
5,32.5,0.12467552921990965,0.709020862174108,1.3861845059193652,0.41685304158050096,0.19453102993008065,1.1056378868616294
5,32.6,0.12467552921990965,0.709020862174108,1.3861845059193652,0.41685304158050096,0.19453102993008065,1.1056378868616294
5,32.7,0.12467552921990965,0.709020862174108,1.3861845059193652,0.41685304158050096,0.19453102993008065,1.1056378868616294
5,32.800000000000004,0.12467552921990965,0.709020862174108,1.3861845059193652,0.41685304158050096,0.19453102993008065,1.1056378868616294
5,32.9,0.12467552921990965,0.709020862174108,1.3861845059193652,0.41685304158050096,0.19453102993008065,1.1056378868616294
5,33.0,0.12467552921990965,0.709020862174108,1.3861845059193652,0.41685304158050096,0.19453102993008065,1.1056378868616294
5,33.1,0.12467552921990965,0.709020862174108,1.3861845059193652,0.41685304158050096,0.19453102993008065,1.1056378868616294
5,33.2,0.12467552921990965,0.709020862174108,1.3861845059193652,0.41685304158050096,0.19453102993008065,1.1056378868616294
5,33.300000000000004,0.12467552921990965,0.709020862174108,1.3861845059193652,0.41685304158050096,0.19453102993008065,1.1056378868616294
5,33.4,0.12467552921990965,0.709020862174108,1.3861845059193652,0.41685304158050096,0.19453102993008065,1.1056378868616294
5,33.5,0.12467552921990965,0.709020862174108,1.3861845059193652,0.41685304158050096,0.19453102993008065,1.1056378868616294
5,33.6,0.12467552921990965,0.709020862174108,1.3861845059193652,0.41685304158050096,0.19453102993008065,1.1056378868616294
5,33.7,0.12467552921990965,0.709020862174108,1.3861845059193652,0.41685304158050096,0.19453102993008065,1.1056378868616294
5,33.800000000000004,0.12467552921990965,0.709020862174108,1.3861845059193652,0.41685304158050096,0.19453102993008065,1.1056378868616294
5,33.9,0.12467552921990965,0.709020862174108,1.3861845059193652,0.41685304158050096,0.19453102993008065,1.1056378868616294
5,34.0,0.12467552921990965,0.709020862174108,1.3861845059193652,0.41685304158050096,0.19453102993008065,1.1056378868616294
5,34.1,0.13020534051160626,0.6984634638193394,1.3899544564570985,0.41685304158050096,0.19453102993008065,1.1056378868616294
5,34.2,0.13573515180330287,0.6879060654645708,1.3937244069948316,0.41685304158050096,0.19453102993008065,1.1056378868616294
5,34.300000000000004,0.14126496309499947,0.6773486671098023,1.397494357532565,0.41685304158050096,0.19453102993008065,1.1056378868616294
5,34.4,0.14679477438669608,0.6667912687550337,1.401264308070298,0.41685304158050096,0.19453102993008065,1.1056378868616294
5,34.5,0.14679477438669608,0.6667912687550337,1.401264308070298,0.41685304158050096,0.19453102993008065,1.1056378868616294
5,34.6,0.14679477438669608,0.6667912687550337,1.401264308070298,0.41685304158050096,0.19453102993008065,1.1056378868616294
5,34.7,0.14679477438669608,0.6667912687550337,1.401264308070298,0.41685304158050096,0.19453102993008065,1.1056378868616294
5,34.800000000000004,0.14679477438669608,0.6667912687550337,1.401264308070298,0.41685304158050096,0.19453102993008065,1.1056378868616294
5,34.9,0.14679477438669608,0.6667912687550337,1.401264308070298,0.41685304158050096,0.19453102993008065,1.1056378868616294
5,35.0,0.14679477438669608,0.6667912687550337,1.401264308070298,0.41685304158050096,0.19453102993008065,1.1056378868616294
5,35.1,0.14679477438669608,0.6667912687550337,1.401264308070298,0.41685304158050096,0.19453102993008065,1.1056378868616294
5,35.2,0.14679477438669608,0.6667912687550337,1.401264308070298,0.41685304158050096,0.19453102993008065,1.1056378868616294
5,35.300000000000004,0.14679477438669608,0.6667912687550337,1.401264308070298,0.41685304158050096,0.19453102993008065,1.1056378868616294
5,35.4,0.14679477438669608,0.6667912687550337,1.401264308070298,0.41685304158050096,0.19453102993008065,1.1056378868616294
5,35.5,0.14679477438669608,0.6667912687550337,1.401264308070298,0.41685304158050096,0.19453102993008065,1.1056378868616294
5,35.6,0.14679477438669608,0.6667912687550337,1.401264308070298,0.41685304158050096,0.19453102993008065,1.1056378868616294
5,35.7,0.14679477438669608,0.6667912687550337,1.401264308070298,0.41685304158050096,0.19453102993008065,1.1056378868616294
5,35.800000000000004,0.14679477438669608,0.6667912687550337,1.401264308070298,0.41685304158050096,0.19453102993008065,1.1056378868616294
5,35.9,0.14679477438669608,0.6667912687550337,1.401264308070298,0.41685304158050096,0.19453102993008065,1.1056378868616294
5,36.0,0.14679477438669608,0.6667912687550337,1.401264308070298,0.41685304158050096,0.19453102993008065,1.1056378868616294
5,36.1,0.14679477438669608,0.6667912687550337,1.401264308070298,0.41685304158050096,0.19453102993008065,1.1056378868616294
5,36.2,0.14679477438669608,0.6667912687550337,1.401264308070298,0.41685304158050096,0.19453102993008065,1.1056378868616294
5,36.300000000000004,0.14679477438669608,0.6667912687550337,1.401264308070298,0.41685304158050096,0.19453102993008065,1.1056378868616294
5,36.4,0.14679477438669608,0.6667912687550337,1.401264308070298,0.41685304158050096,0.19453102993008065,1.1056378868616294
5,36.5,0.14679477438669608,0.6667912687550337,1.401264308070298,0.41685304158050096,0.19453102993008065,1.1056378868616294
5,36.6,0.14679477438669608,0.6667912687550337,1.401264308070298,0.41685304158050096,0.19453102993008065,1.1056378868616294
5,36.7,0.14679477438669608,0.6667912687550337,1.401264308070298,0.41685304158050096,0.19453102993008065,1.1056378868616294
5,36.800000000000004,0.14679477438669608,0.6667912687550337,1.401264308070298,0.41685304158050096,0.19453102993008065,1.1056378868616294
5,36.9,0.14679477438669608,0.6667912687550337,1.401264308070298,0.41685304158050096,0.19453102993008065,1.1056378868616294
5,37.0,0.14679477438669608,0.6667912687550337,1.401264308070298,0.41685304158050096,0.19453102993008065,1.1056378868616294
5,37.1,0.14679477438669608,0.6667912687550337,1.401264308070298,0.41685304158050096,0.19453102993008065,1.1056378868616294
5,37.2,0.14679477438669608,0.6667912687550337,1.401264308070298,0.41685304158050096,0.19453102993008065,1.1056378868616294
5,37.300000000000004,0.14679477438669608,0.6667912687550337,1.401264308070298,0.41685304158050096,0.19453102993008065,1.1056378868616294
5,37.4,0.14679477438669608,0.6667912687550337,1.401264308070298,0.41685304158050096,0.19453102993008065,1.1056378868616294
5,37.5,0.14679477438669608,0.6667912687550337,1.401264308070298,0.41685304158050096,0.19453102993008065,1.1056378868616294
5,37.6,0.14679477438669608,0.6667912687550337,1.401264308070298,0.41685304158050096,0.19453102993008065,1.1056378868616294
5,37.7,0.14679477438669608,0.6667912687550337,1.401264308070298,0.41685304158050096,0.19453102993008065,1.1056378868616294
5,37.800000000000004,0.14679477438669608,0.6667912687550337,1.401264308070298,0.41685304158050096,0.19453102993008065,1.1056378868616294
5,37.9,0.14679477438669608,0.6667912687550337,1.401264308070298,0.41685304158050096,0.19453102993008065,1.1056378868616294
5,38.0,0.14679477438669608,0.6667912687550337,1.401264308070298,0.41685304158050096,0.19453102993008065,1.1056378868616294
5,38.1,0.14679477438669608,0.6667912687550337,1.401264308070298,0.41685304158050096,0.19453102993008065,1.1056378868616294
5,38.2,0.14679477438669608,0.6667912687550337,1.401264308070298,0.41685304158050096,0.19453102993008065,1.1056378868616294
5,38.300000000000004,0.14679477438669608,0.6667912687550337,1.401264308070298,0.41685304158050096,0.19453102993008065,1.1056378868616294
5,38.400000000000006,0.14679477438669608,0.6667912687550337,1.401264308070298,0.41685304158050096,0.19453102993008065,1.1056378868616294
5,38.5,0.14679477438669608,0.6667912687550337,1.401264308070298,0.41685304158050096,0.19453102993008065,1.1056378868616294
5,38.6,0.14679477438669608,0.6667912687550337,1.401264308070298,0.41685304158050096,0.19453102993008065,1.1056378868616294
5,38.7,0.14679477438669608,0.6667912687550337,1.401264308070298,0.41685304158050096,0.19453102993008065,1.1056378868616294
5,38.800000000000004,0.14679477438669608,0.6667912687550337,1.401264308070298,0.41685304158050096,0.19453102993008065,1.1056378868616294
5,38.900000000000006,0.14679477438669608,0.6667912687550337,1.401264308070298,0.41685304158050096,0.19453102993008065,1.1056378868616294
5,39.0,0.14679477438669608,0.6667912687550337,1.401264308070298,0.41685304158050096,0.19453102993008065,1.1056378868616294
5,39.1,0.14679477438669608,0.6667912687550337,1.401264308070298,0.41685304158050096,0.19453102993008065,1.1056378868616294
5,39.2,0.15250642209063936,0.6559214222488251,1.4036038630359922,0.41685304158050096,0.19453102993008065,1.1056378868616294
5,39.300000000000004,0.15821806979458253,0.6450515757426165,1.4059434180016863,0.41685304158050096,0.19453102993008065,1.1056378868616294
5,39.400000000000006,0.1639297174985257,0.6341817292364079,1.4082829729673805,0.41685304158050096,0.19453102993008065,1.1056378868616294
5,39.5,0.16964136520246886,0.6233118827301992,1.4106225279330746,0.41685304158050096,0.19453102993008065,1.1056378868616294
5,39.6,0.16964136520246886,0.6233118827301992,1.4106225279330746,0.41685304158050096,0.19453102993008065,1.1056378868616294
5,39.7,0.16964136520246886,0.6233118827301992,1.4106225279330746,0.41685304158050096,0.19453102993008065,1.1056378868616294
5,39.800000000000004,0.16964136520246886,0.6233118827301992,1.4106225279330746,0.41685304158050096,0.19453102993008065,1.1056378868616294
5,39.900000000000006,0.16964136520246886,0.6233118827301992,1.4106225279330746,0.41685304158050096,0.19453102993008065,1.1056378868616294
5,40.0,0.16964136520246886,0.6233118827301992,1.4106225279330746,0.41685304158050096,0.19453102993008065,1.1056378868616294
5,40.1,0.16964136520246886,0.6233118827301992,1.4106225279330746,0.41685304158050096,0.19453102993008065,1.1056378868616294
5,40.2,0.16964136520246886,0.6233118827301992,1.4106225279330746,0.41685304158050096,0.19453102993008065,1.1056378868616294
5,40.300000000000004,0.16964136520246886,0.6233118827301992,1.4106225279330746,0.41685304158050096,0.19453102993008065,1.1056378868616294
5,40.400000000000006,0.16964136520246886,0.6233118827301992,1.4106225279330746,0.41685304158050096,0.19453102993008065,1.1056378868616294
5,40.5,0.16964136520246886,0.6233118827301992,1.4106225279330746,0.41685304158050096,0.19453102993008065,1.1056378868616294
5,40.6,0.16964136520246886,0.6233118827301992,1.4106225279330746,0.41685304158050096,0.19453102993008065,1.1056378868616294
5,40.7,0.16964136520246886,0.6233118827301992,1.4106225279330746,0.41685304158050096,0.19453102993008065,1.1056378868616294
5,40.800000000000004,0.16964136520246886,0.6233118827301992,1.4106225279330746,0.41685304158050096,0.19453102993008065,1.1056378868616294
5,40.900000000000006,0.16964136520246886,0.6233118827301992,1.4106225279330746,0.41685304158050096,0.19453102993008065,1.1056378868616294
5,41.0,0.16964136520246886,0.6233118827301992,1.4106225279330746,0.41685304158050096,0.19453102993008065,1.1056378868616294
5,41.1,0.16964136520246886,0.6233118827301992,1.4106225279330746,0.41685304158050096,0.19453102993008065,1.1056378868616294
5,41.2,0.16964136520246886,0.6233118827301992,1.4106225279330746,0.41685304158050096,0.19453102993008065,1.1056378868616294
5,41.300000000000004,0.16964136520246886,0.6233118827301992,1.4106225279330746,0.41685304158050096,0.19453102993008065,1.1056378868616294
5,41.400000000000006,0.16964136520246886,0.6233118827301992,1.4106225279330746,0.41685304158050096,0.19453102993008065,1.1056378868616294
5,41.5,0.16964136520246886,0.6233118827301992,1.4106225279330746,0.41685304158050096,0.19453102993008065,1.1056378868616294
5,41.6,0.16964136520246886,0.6233118827301992,1.4106225279330746,0.41685304158050096,0.19453102993008065,1.1056378868616294
5,41.7,0.16964136520246886,0.6233118827301992,1.4106225279330746,0.41685304158050096,0.19453102993008065,1.1056378868616294
5,41.800000000000004,0.16964136520246886,0.6233118827301992,1.4106225279330746,0.41685304158050096,0.19453102993008065,1.1056378868616294
5,41.900000000000006,0.16964136520246886,0.6233118827301992,1.4106225279330746,0.41685304158050096,0.19453102993008065,1.1056378868616294
5,42.0,0.16964136520246886,0.6233118827301992,1.4106225279330746,0.41685304158050096,0.19453102993008065,1.1056378868616294
5,42.1,0.16964136520246886,0.6233118827301992,1.4106225279330746,0.41685304158050096,0.19453102993008065,1.1056378868616294
5,42.2,0.16964136520246886,0.6233118827301992,1.4106225279330746,0.41685304158050096,0.19453102993008065,1.1056378868616294
5,42.300000000000004,0.16964136520246886,0.6233118827301992,1.4106225279330746,0.41685304158050096,0.19453102993008065,1.1056378868616294
5,42.400000000000006,0.16964136520246886,0.6233118827301992,1.4106225279330746,0.41685304158050096,0.19453102993008065,1.1056378868616294
5,42.5,0.16964136520246886,0.6233118827301992,1.4106225279330746,0.41685304158050096,0.19453102993008065,1.1056378868616294
5,42.6,0.16964136520246886,0.6233118827301992,1.4106225279330746,0.41685304158050096,0.19453102993008065,1.1056378868616294
5,42.7,0.16964136520246886,0.6233118827301992,1.4106225279330746,0.41685304158050096,0.19453102993008065,1.1056378868616294
5,42.800000000000004,0.16964136520246886,0.6233118827301992,1.4106225279330746,0.41685304158050096,0.19453102993008065,1.1056378868616294
5,42.900000000000006,0.16964136520246886,0.6233118827301992,1.4106225279330746,0.41685304158050096,0.19453102993008065,1.1056378868616294
5,43.0,0.16964136520246886,0.6233118827301992,1.4106225279330746,0.41685304158050096,0.19453102993008065,1.1056378868616294
5,43.1,0.16964136520246886,0.6233118827301992,1.4106225279330746,0.41685304158050096,0.19453102993008065,1.1056378868616294
5,43.2,0.16964136520246886,0.6233118827301992,1.4106225279330746,0.41685304158050096,0.19453102993008065,1.1056378868616294
5,43.300000000000004,0.16964136520246886,0.6233118827301992,1.4106225279330746,0.41685304158050096,0.19453102993008065,1.1056378868616294
5,43.400000000000006,0.16964136520246886,0.6233118827301992,1.4106225279330746,0.41685304158050096,0.19453102993008065,1.1056378868616294
5,43.5,0.16964136520246886,0.6233118827301992,1.4106225279330746,0.41685304158050096,0.19453102993008065,1.1056378868616294
5,43.6,0.16964136520246886,0.6233118827301992,1.4106225279330746,0.41685304158050096,0.19453102993008065,1.1056378868616294
5,43.7,0.16964136520246886,0.6233118827301992,1.4106225279330746,0.41685304158050096,0.19453102993008065,1.1056378868616294
5,43.800000000000004,0.16964136520246886,0.6233118827301992,1.4106225279330746,0.41685304158050096,0.19453102993008065,1.1056378868616294
5,43.900000000000006,0.16964136520246886,0.6233118827301992,1.4106225279330746,0.41685304158050096,0.19453102993008065,1.1056378868616294
5,44.0,0.16964136520246886,0.6233118827301992,1.4106225279330746,0.41685304158050096,0.19453102993008065,1.1056378868616294
5,44.1,0.16964136520246886,0.6233118827301992,1.4106225279330746,0.41685304158050096,0.19453102993008065,1.1056378868616294
5,44.2,0.16964136520246886,0.6233118827301992,1.4106225279330746,0.41685304158050096,0.19453102993008065,1.1056378868616294
5,44.300000000000004,0.17545453624755236,0.6122804642494344,1.4114970842221979,0.41685304158050096,0.19453102993008065,1.1056378868616294
5,44.400000000000006,0.18126770729263575,0.6012490457686697,1.4123716405113211,0.41685304158050096,0.19453102993008065,1.1056378868616294
5,44.5,0.18708087833771925,0.590217627287905,1.4132461968004442,0.41685304158050096,0.19453102993008065,1.1056378868616294
5,44.6,0.19289404938280275,0.5791862088071402,1.4141207530895674,0.41685304158050096,0.19453102993008065,1.1056378868616294
5,44.7,0.19289404938280275,0.5791862088071402,1.4141207530895674,0.41685304158050096,0.19453102993008065,1.1056378868616294
5,44.800000000000004,0.19289404938280275,0.5791862088071402,1.4141207530895674,0.41685304158050096,0.19453102993008065,1.1056378868616294
5,44.900000000000006,0.19289404938280275,0.5791862088071402,1.4141207530895674,0.41685304158050096,0.19453102993008065,1.1056378868616294
5,45.0,0.19289404938280275,0.5791862088071402,1.4141207530895674,0.41685304158050096,0.19453102993008065,1.1056378868616294
5,45.1,0.19289404938280275,0.5791862088071402,1.4141207530895674,0.41685304158050096,0.19453102993008065,1.1056378868616294
5,45.2,0.19289404938280275,0.5791862088071402,1.4141207530895674,0.41685304158050096,0.19453102993008065,1.1056378868616294
5,45.300000000000004,0.19289404938280275,0.5791862088071402,1.4141207530895674,0.41685304158050096,0.19453102993008065,1.1056378868616294
5,45.400000000000006,0.19289404938280275,0.5791862088071402,1.4141207530895674,0.41685304158050096,0.19453102993008065,1.1056378868616294
5,45.5,0.19289404938280275,0.5791862088071402,1.4141207530895674,0.41685304158050096,0.19453102993008065,1.1056378868616294
5,45.6,0.19289404938280275,0.5791862088071402,1.4141207530895674,0.41685304158050096,0.19453102993008065,1.1056378868616294
5,45.7,0.19289404938280275,0.5791862088071402,1.4141207530895674,0.41685304158050096,0.19453102993008065,1.1056378868616294
5,45.800000000000004,0.19289404938280275,0.5791862088071402,1.4141207530895674,0.41685304158050096,0.19453102993008065,1.1056378868616294
5,45.900000000000006,0.19289404938280275,0.5791862088071402,1.4141207530895674,0.41685304158050096,0.19453102993008065,1.1056378868616294
5,46.0,0.19289404938280275,0.5791862088071402,1.4141207530895674,0.41685304158050096,0.19453102993008065,1.1056378868616294
5,46.1,0.19289404938280275,0.5791862088071402,1.4141207530895674,0.41685304158050096,0.19453102993008065,1.1056378868616294
5,46.2,0.19289404938280275,0.5791862088071402,1.4141207530895674,0.41685304158050096,0.19453102993008065,1.1056378868616294
5,46.300000000000004,0.19289404938280275,0.5791862088071402,1.4141207530895674,0.41685304158050096,0.19453102993008065,1.1056378868616294
5,46.400000000000006,0.19289404938280275,0.5791862088071402,1.4141207530895674,0.41685304158050096,0.19453102993008065,1.1056378868616294
5,46.5,0.19289404938280275,0.5791862088071402,1.4141207530895674,0.41685304158050096,0.19453102993008065,1.1056378868616294
5,46.6,0.19289404938280275,0.5791862088071402,1.4141207530895674,0.41685304158050096,0.19453102993008065,1.1056378868616294
5,46.7,0.19289404938280275,0.5791862088071402,1.4141207530895674,0.41685304158050096,0.19453102993008065,1.1056378868616294
5,46.800000000000004,0.19289404938280275,0.5791862088071402,1.4141207530895674,0.41685304158050096,0.19453102993008065,1.1056378868616294
5,46.900000000000006,0.19289404938280275,0.5791862088071402,1.4141207530895674,0.41685304158050096,0.19453102993008065,1.1056378868616294
5,47.0,0.19289404938280275,0.5791862088071402,1.4141207530895674,0.41685304158050096,0.19453102993008065,1.1056378868616294
5,47.1,0.19289404938280275,0.5791862088071402,1.4141207530895674,0.41685304158050096,0.19453102993008065,1.1056378868616294
5,47.2,0.19289404938280275,0.5791862088071402,1.4141207530895674,0.41685304158050096,0.19453102993008065,1.1056378868616294
5,47.300000000000004,0.19289404938280275,0.5791862088071402,1.4141207530895674,0.41685304158050096,0.19453102993008065,1.1056378868616294
5,47.400000000000006,0.19289404938280275,0.5791862088071402,1.4141207530895674,0.41685304158050096,0.19453102993008065,1.1056378868616294
5,47.5,0.19289404938280275,0.5791862088071402,1.4141207530895674,0.41685304158050096,0.19453102993008065,1.1056378868616294
5,47.6,0.19289404938280275,0.5791862088071402,1.4141207530895674,0.41685304158050096,0.19453102993008065,1.1056378868616294
5,47.7,0.19289404938280275,0.5791862088071402,1.4141207530895674,0.41685304158050096,0.19453102993008065,1.1056378868616294
5,47.800000000000004,0.19289404938280275,0.5791862088071402,1.4141207530895674,0.41685304158050096,0.19453102993008065,1.1056378868616294
5,47.900000000000006,0.19289404938280275,0.5791862088071402,1.4141207530895674,0.41685304158050096,0.19453102993008065,1.1056378868616294
5,48.0,0.19289404938280275,0.5791862088071402,1.4141207530895674,0.41685304158050096,0.19453102993008065,1.1056378868616294
5,48.1,0.19289404938280275,0.5791862088071402,1.4141207530895674,0.41685304158050096,0.19453102993008065,1.1056378868616294
5,48.2,0.19289404938280275,0.5791862088071402,1.4141207530895674,0.41685304158050096,0.19453102993008065,1.1056378868616294
5,48.300000000000004,0.19289404938280275,0.5791862088071402,1.4141207530895674,0.41685304158050096,0.19453102993008065,1.1056378868616294
5,48.400000000000006,0.19289404938280275,0.5791862088071402,1.4141207530895674,0.41685304158050096,0.19453102993008065,1.1056378868616294
5,48.5,0.19289404938280275,0.5791862088071402,1.4141207530895674,0.41685304158050096,0.19453102993008065,1.1056378868616294
5,48.6,0.19289404938280275,0.5791862088071402,1.4141207530895674,0.41685304158050096,0.19453102993008065,1.1056378868616294
5,48.7,0.19289404938280275,0.5791862088071402,1.4141207530895674,0.41685304158050096,0.19453102993008065,1.1056378868616294
5,48.800000000000004,0.19289404938280275,0.5791862088071402,1.4141207530895674,0.41685304158050096,0.19453102993008065,1.1056378868616294
5,48.900000000000006,0.19289404938280275,0.5791862088071402,1.4141207530895674,0.41685304158050096,0.19453102993008065,1.1056378868616294
5,49.0,0.19289404938280275,0.5791862088071402,1.4141207530895674,0.41685304158050096,0.19453102993008065,1.1056378868616294
5,49.1,0.19289404938280275,0.5791862088071402,1.4141207530895674,0.41685304158050096,0.19453102993008065,1.1056378868616294
5,49.2,0.19289404938280275,0.5791862088071402,1.4141207530895674,0.41685304158050096,0.19453102993008065,1.1056378868616294
5,49.300000000000004,0.19289404938280275,0.5791862088071402,1.4141207530895674,0.41685304158050096,0.19453102993008065,1.1056378868616294
5,49.400000000000006,0.19872760644062504,0.5681473410370372,1.4135182496395235,0.41685304158050096,0.19453102993008065,1.1056378868616294
5,49.5,0.20456116349844722,0.5571084732669342,1.41291574618948,0.41685304158050096,0.19453102993008065,1.1056378868616294
5,49.6,0.2132909582538196,0.5359251291218057,1.4056110908231592,0.41685304158050096,0.19453102993008065,1.1056378868616294
5,49.7,0.222020753009192,0.5147417849766771,1.3983064354568384,0.41685304158050096,0.19453102993008065,1.1056378868616294
5,49.800000000000004,0.22491699070674187,0.5045973086016514,1.391604283540561,0.41685304158050096,0.19453102993008065,1.1056378868616294
5,49.900000000000006,0.22781322840429186,0.4944528322266257,1.384902131624284,0.41685304158050096,0.19453102993008065,1.1056378868616294
